;# galnum,[OII]3727,Hb,[OIII]4959,[OIII]5007,[OI]6300,Ha,[NII]6584,[SII]6717,[SII]6731,[SIII]9069,[SIII]9532
1.  93.4097  59.9738  15.3301  42.1648  nan  340.4039  130.9144  68.2549  41.2169    nan  nan
2.  456.9093  179.507  60.9692  180.8025  nan  654.182  160.8954  130.9007  92.6333    nan  nan
3.  133.1534  37.0745  21.1522  61.945  nan  117.3036  12.9686  25.231  17.9927    nan  nan
4.  143.9614  58.0835  17.237  43.2819  nan  193.907  52.3974  43.4804  28.0867    nan  nan
5.  96.9992  79.9106  7.7611  21.2645  nan  325.6404  117.6507  57.5142  39.8211    nan  nan
6.  131.2153  75.8905  15.0114  62.3194  nan  234.4262  83.1073  61.2708  48.0073    nan  nan
7.  320.4557  223.5222  31.9553  119.8252  nan  842.8167  318.7159  154.7681  108.6039    nan  nan
8.  526.8308  178.0394  71.9744  202.4906  nan  636.674  132.7134  118.2994  86.0809    nan  nan
9.  189.9588  72.6552  17.8664  44.7992  nan  265.1137  71.5127  55.927  40.9613    nan  nan
10.  236.0857  106.5537  24.9539  72.2421  nan  378.6575  91.1177  70.574  46.0427    nan  nan
11.  382.9703  177.196  30.1634  92.3054  nan  674.4592  266.7329  151.6493  108.4982    nan  nan
12.  445.301  165.8259  54.1335  171.6452  nan  655.3074  137.2739  136.7366  83.67    nan  nan
13.  128.4599  76.7421  7.6299  21.4101  nan  265.0022  86.7365  53.5512  36.1125    nan  nan
14.  280.4494  85.2139  59.4705  177.0446  nan  256.0195  32.5574  46.9045  32.741    nan  nan
15.  227.3009  137.5151  21.9411  52.5526  nan  669.9612  259.3437  151.8678  111.4167    nan  nan
16.  285.9944  181.4971  26.126  73.6945  nan  877.2967  335.8724  154.1752  112.6805    nan  nan
17.  133.1045  96.8061  14.5083  34.8863  nan  353.9152  167.925  75.1374  51.4657    nan  nan
18.  715.5844  247.0575  166.802  491.4932  nan  900.7657  149.7754  122.4722  87.8794    nan  nan
19.  161.3601  67.1875  11.8598  35.7934  nan  236.8458  68.1165  54.3011  31.432    nan  nan
20.  268.7555  154.9264  16.7674  66.0647  nan  626.6036  179.3812  124.5686  89.8583    nan  nan
21.  126.5956  150.1851  8.9904  26.7968  nan  692.4648  279.4578  102.0673  84.7052    nan  nan
22.  82.3294  31.8349  11.994  37.4639  nan  100.0444  14.008  26.3895  14.7293    nan  nan
23.  127.6063  37.149  9.626  26.1885  nan  122.7115  34.6239  28.8672  18.0552    nan  nan
24.  192.8038  105.5417  24.197  83.5781  nan  399.7349  110.9043  76.5465  53.0522    nan  nan
25.  237.9395  94.8854  20.1493  58.7952  nan  339.4442  87.9347  73.8556  49.9697    nan  nan
26.  320.7793  185.6781  28.7721  96.7641  nan  719.2257  213.8274  139.0094  93.7915    nan  nan
27.  107.1815  50.8787  14.9016  35.9513  nan  215.6763  64.8509  45.2607  33.1593    nan  nan
28.  266.7568  142.0654  17.8279  57.757  nan  538.5482  153.6557  100.6862  70.0853    nan  nan
29.  67.0953  32.1608  9.0608  24.9684  nan  114.5242  27.182  23.5238  21.5011    nan  nan
30.  159.4072  178.6703  14.5487  36.0564  nan  802.1342  357.2791  126.3367  95.516    nan  nan
31.  143.6587  70.6081  12.0399  37.3054  nan  299.2279  79.5382  68.5457  44.4585    nan  nan
32.  202.9061  94.6593  18.5754  40.1452  nan  325.5907  90.7324  66.5272  46.2612    nan  nan
33.  420.5031  145.3644  64.4735  187.5412  nan  463.929  83.0579  87.1936  59.8209    nan  nan
34.  119.3049  51.3339  10.4886  31.455  nan  174.7075  45.128  32.4118  21.2878    nan  nan
35.  168.8129  105.4645  21.9931  64.1395  nan  381.5378  159.1525  77.0227  56.4603    nan  nan
36.  246.8039  83.9039  32.2948  90.3576  nan  277.4813  64.3627  51.962  43.9589    nan  nan
37.  102.0967  70.6686  14.0894  30.3937  nan  276.4629  104.9994  47.1464  36.0478    nan  nan
38.  197.34  137.7183  15.0634  34.5991  nan  524.2057  174.5275  86.8094  61.4731    nan  nan
39.  113.0096  100.2788  16.6271  44.7242  nan  415.9492  150.2007  80.7189  58.0741    nan  nan
40.  105.5193  45.9218  13.5303  27.9644  nan  145.5359  36.8311  37.3127  25.388    nan  nan
41.  220.3243  77.6467  34.5513  92.9053  nan  250.0916  48.8743  47.598  34.0627    nan  nan
42.  1786.245  688.6676  542.7151  1580.95  nan  2653.059  546.8262  381.1329  285.7574    nan  nan
43.  107.931  52.2424  9.0094  31.9661  nan  224.3096  70.0475  51.1242  36.4778    nan  nan
44.  147.643  49.3355  19.2447  66.3778  nan  157.6349  28.7591  33.6912  24.4019    nan  nan
45.  218.5297  71.2942  26.3483  64.4674  nan  211.6302  47.3993  43.0653  27.2172    nan  nan
46.  582.0991  257.222  289.2746  858.4899  nan  807.1486  64.8001  87.5097  63.5406    nan  nan
47.  87.8013  56.1401  8.8041  21.4283  nan  199.4076  68.2446  39.7146  27.041    nan  nan
48.  405.3293  250.0403  35.6271  108.2922  nan  1008.26  301.4518  184.4014  128.9507    nan  nan
49.  103.0902  78.9087  10.5467  25.168  nan  337.8235  107.1226  53.0356  42.9359    nan  nan
50.  170.7009  66.6677  32.6589  98.7474  nan  206.4705  32.3277  42.1586  27.5859    nan  nan
51.  132.3954  53.9905  14.9521  36.525  nan  175.2458  36.3529  51.4181  24.1751    nan  nan
52.  52.5757  59.2298  7.3166  15.5911  nan  224.4058  65.6349  28.2459  19.4487    nan  nan
53.  431.0578  230.9422  43.151  132.1095  nan  882.6231  255.2058  156.9281  104.025    nan  nan
54.  294.1898  143.452  29.0771  77.7347  nan  522.1828  168.6748  81.3297  60.8523    nan  nan
55.  176.6157  54.4756  22.5895  50.7417  nan  212.2844  63.7502  48.3007  33.4318    nan  nan
56.  80.8267  44.0342  6.2821  15.6141  nan  170.0251  74.8422  32.0494  35.4587    nan  nan
57.  164.3194  83.6746  22.1934  65.5624  nan  331.6585  88.2407  55.7145  48.1489    nan  nan
58.  87.0272  32.5965  11.5776  34.0975  nan  150.9861  38.6189  31.5665  25.6339    nan  nan
59.  99.9475  36.6021  6.4156  27.834  nan  127.438  25.3127  26.7894  20.3018    nan  nan
60.  73.0614  44.7018  5.6707  12.9717  nan  168.5079  61.063  33.0232  24.4374    nan  nan
61.  90.1545  46.9034  7.6045  23.064  nan  173.0762  46.8021  39.1259  26.8669    nan  nan
62.  198.989  75.5176  21.2397  61.6929  nan  301.0223  76.2359  58.7565  39.6586    nan  nan
63.  143.4223  45.6713  18.863  53.6396  nan  177.1257  33.6897  36.3392  23.4516    nan  nan
64.  137.336  36.0653  21.8647  71.2268  nan  108.8876  15.792  23.7357  19.2968    nan  nan
65.  563.4847  286.9167  64.221  209.5808  nan  1103.95  321.8776  202.9388  143.7009    nan  nan
66.  210.3813  105.4668  16.4234  40.9693  nan  363.0039  125.2259  71.8979  49.1565    nan  nan
67.  265.7658  103.7402  27.8729  80.4146  nan  354.6245  88.0822  77.3218  56.2332    nan  nan
68.  300.5387  170.4883  25.0102  81.4309  nan  673.9431  234.3215  116.6729  91.8521    nan  nan
69.  180.6498  81.3539  15.9765  35.9316  nan  326.6399  101.1259  67.6105  44.6678    nan  nan
70.  82.549  35.2078  10.0128  21.4259  nan  173.657  55.1674  39.9838  29.1638    nan  nan
71.  123.2225  101.9932  13.8581  39.5239  nan  644.4965  241.5389  101.571  73.6978    nan  nan
72.  446.5101  232.1939  43.9137  131.2641  nan  957.2391  274.6261  166.4309  128.878    nan  nan
73.  133.8328  59.4964  10.8066  32.4475  nan  231.58  65.4016  54.3146  42.0219    nan  nan
74.  157.073  87.5402  8.3812  35.25  nan  318.878  129.8847  64.5192  42.7182    nan  nan
75.  87.0929  42.8049  10.5605  22.3037  nan  210.2524  83.1865  48.7806  27.9401    nan  nan
76.  181.5323  65.1251  20.926  74.9644  nan  200.4486  39.1227  39.9618  27.6152    nan  nan
77.  124.5762  69.4488  14.3326  37.1245  nan  250.902  74.7889  52.7  36.7525    nan  nan
78.  162.4419  64.0027  13.6762  32.378  nan  224.4674  66.0046  51.2881  37.9293    nan  nan
79.  107.1009  71.2444  8.6901  21.0664  nan  273.3781  87.8789  54.5588  35.5626    nan  nan
80.  167.623  73.4368  12.5884  39.3154  nan  282.0827  74.3112  56.059  38.4482    nan  nan
81.  1780.044  532.7183  288.4253  883.0031  nan  1756.644  298.7865  309.7153  226.3998    nan  nan
82.  84.494  56.9481  9.7474  21.6074  nan  251.2529  75.2268  48.3886  35.2007    nan  nan
83.  129.6743  40.3392  15.6824  40.6016  nan  129.3431  23.5309  33.9262  22.7573    nan  nan
84.  241.0288  126.7955  13.5221  46.7855  nan  444.9276  168.714  72.186  53.4298    nan  nan
85.  277.9851  145.8778  25.4429  60.4316  nan  525.5497  211.2564  88.3299  66.4508    nan  nan
86.  193.588  116.2225  27.8608  71.44  nan  462.5029  141.0094  82.9678  67.6189    nan  nan
87.  304.3248  94.761  26.3718  101.142  nan  292.4038  58.8785  65.3186  43.9333    nan  nan
88.  100.7321  60.0337  10.3908  39.3346  nan  324.0864  116.9581  58.971  46.3431    nan  nan
89.  264.7571  84.8434  20.8968  70.1266  nan  306.5201  89.4034  69.1294  47.9904    nan  nan
90.  171.209  128.8932  13.8964  39.4698  nan  473.5637  166.3493  82.7418  58.2551    nan  nan
91.  216.9535  88.4262  16.9733  59.8519  nan  342.0386  84.7768  73.0348  49.6696    nan  nan
92.  260.7286  123.6622  37.2143  109.6441  nan  420.7973  87.5832  63.3527  48.9    nan  nan
93.  96.4253  45.4444  6.7235  22.8393  nan  211.505  60.7397  50.4236  31.4979    nan  nan
94.  566.1257  327.3866  123.9023  376.1489  nan  1300.574  384.2712  120.7047  109.7278    nan  nan
95.  267.483  81.6345  33.3963  100.6971  nan  270.8392  50.1533  56.3457  41.4287    nan  nan
96.  416.0419  163.696  77.7754  248.2429  nan  701.5506  134.9702  114.3854  86.7379    nan  nan
97.  582.6602  187.6001  75.5551  237.0258  nan  647.8406  118.0523  110.5192  76.8139    nan  nan
98.  145.1578  127.8666  10.1383  33.6342  nan  536.534  180.1215  96.172  71.1546    nan  nan
99.  262.0501  116.8161  18.1168  57.5698  nan  441.1729  147.3757  86.6409  56.3899    nan  nan
100.  200.75  159.1206  22.577  62.9996  nan  782.7081  287.1103  129.8932  98.0635    nan  nan
101.  466.629  250.5507  41.9502  134.1961  nan  998.6498  373.5753  163.2664  121.9366    nan  nan
102.  131.1453  98.7362  18.6274  36.7391  nan  357.6399  172.8532  70.5273  51.254    nan  nan
103.  685.0756  292.9193  108.8798  323.1474  nan  1048.343  259.2827  193.8339  138.9922    nan  nan
104.  366.13  120.5522  61.2944  178.2977  nan  382.7425  61.0005  79.2152  51.1343    nan  nan
105.  100.2525  44.7955  10.7052  32.2569  nan  146.2671  41.5047  33.4305  22.6129    nan  nan
106.  126.3496  138.1778  15.924  51.6994  nan  1019.088  442.6075  177.8924  145.9673    nan  nan
107.  208.5883  65.8645  34.7432  106.6174  nan  201.2847  22.5743  45.3906  28.9966    nan  nan
108.  202.4434  95.0531  19.5548  54.3937  nan  378.0464  97.0315  79.5288  54.5003    nan  nan
109.  49.746  22.5455  6.6732  14.3297  nan  81.6502  31.7961  19.6206  14.2752    nan  nan
110.  123.1925  69.2705  10.3645  39.5023  nan  315.3411  93.6523  59.6808  40.6229    nan  nan
111.  95.7259  52.1854  11.1812  29.4114  nan  222.4067  68.0184  48.8499  31.2339    nan  nan
112.  131.8018  132.9286  8.3569  37.1725  nan  655.3933  283.2943  97.5704  72.8114    nan  nan
113.  376.9092  156.1287  34.4527  97.4373  nan  518.1093  158.5661  101.3204  74.1703    nan  nan
114.  184.4252  123.9581  14.7973  45.3554  nan  476.3089  170.6448  90.9033  72.5123    nan  nan
115.  418.903  201.0272  58.3813  196.0714  nan  703.5709  147.7296  124.3656  83.2686    nan  nan
116.  104.0362  55.0352  6.6104  22.3047  nan  201.6739  59.581  40.2156  31.5437    nan  nan
117.  281.4929  122.4888  73.9621  221.6014  nan  396.3418  60.0592  57.6274  39.8099    nan  nan
118.  268.5445  95.9024  37.4363  118.16  nan  287.5937  50.9687  57.3398  38.0428    nan  nan
119.  155.7177  58.2889  13.8996  37.7655  nan  244.736  68.1026  50.8191  36.0777    nan  nan
120.  256.6525  131.7803  31.6134  85.223  nan  508.291  153.2776  99.1733  79.2801    nan  nan
121.  158.6951  58.6567  16.2456  51.0285  nan  194.1217  44.8959  50.1712  29.878    nan  nan
122.  387.1833  175.9176  34.5003  107.386  nan  621.6961  187.2175  105.8059  80.5549    nan  nan
123.  170.1365  51.6913  12.5622  30.2573  nan  192.9505  50.6513  44.0572  32.3261    nan  nan
124.  120.0709  109.3243  8.4503  26.2636  nan  556.7601  184.1626  89.6124  67.734    nan  nan
125.  204.0013  65.824  34.4713  86.5276  nan  220.9768  61.2193  51.4916  36.3761    nan  nan
126.  162.6194  104.515  6.832  26.5981  nan  384.2519  127.195  74.9466  53.3714    nan  nan
127.  84.6367  48.4868  9.8379  18.9196  nan  179.4503  56.7823  38.0535  26.4159    nan  nan
128.  139.0218  121.1276  11.7187  28.3188  nan  526.066  185.7303  92.2708  67.8321    nan  nan
129.  310.1138  119.085  29.7546  88.2817  nan  459.7291  111.1991  99.2561  70.2087    nan  nan
130.  189.2209  72.8243  17.6975  53.4917  nan  253.4335  69.1441  56.0229  41.3445    nan  nan
131.  375.2701  114.3447  47.5743  138.1075  nan  395.0913  71.0951  79.2101  52.1625    nan  nan
132.  164.1824  61.4982  13.1718  38.5166  nan  245.1602  75.7875  56.9115  38.6031    nan  nan
133.  121.6119  31.345  9.7218  33.7168  nan  125.2485  25.5398  34.8758  25.1574    nan  nan
134.  917.3491  351.4918  299.1003  907.8865  nan  1114.397  119.7698  142.8031  93.4262    nan  nan
135.  178.354  50.5819  30.8469  90.3494  nan  141.7915  19.494  24.5252  18.1925    nan  nan
136.  131.6857  48.345  16.4195  48.6633  nan  205.0035  44.371  47.1814  31.6117    nan  nan
137.  100.2349  31.7106  4.3808  14.8485  nan  100.2545  30.8423  22.2886  13.0806    nan  nan
138.  159.2349  80.7565  11.9658  34.9593  nan  299.8189  93.7153  60.9958  43.9446    nan  nan
139.  167.9266  83.3678  15.7235  45.3312  nan  285.9301  72.6514  63.1248  43.2685    nan  nan
140.  215.0549  94.287  33.4333  99.2291  nan  394.9332  115.5245  72.5611  57.3295    nan  nan
141.  333.1222  130.6162  53.977  156.2344  nan  457.737  83.2207  86.6702  60.9397    nan  nan
142.  421.4187  137.0782  89.5951  261.1742  nan  461.5743  69.7833  78.8304  97.3203    nan  nan
143.  195.9662  120.1641  16.574  59.2945  nan  629.198  247.8103  130.2156  91.7131    nan  nan
144.  183.7384  113.2914  12.823  36.0817  nan  424.8394  138.6862  80.2198  55.639    nan  nan
145.  534.9534  254.9331  60.1491  183.4705  nan  967.0763  262.3521  168.1617  123.5867    nan  nan
146.  486.4349  200.9321  69.0747  208.6542  nan  803.6162  191.7886  166.4096  118.3327    nan  nan
147.  283.3323  97.6616  46.7642  130.0236  nan  406.2952  82.9133  82.4086  59.6174    nan  nan
148.  292.9326  105.7095  32.152  105.8945  nan  558.7719  147.0872  116.0576  77.0387    nan  nan
149.  575.7933  191.1676  61.2248  182.5556  nan  651.387  164.1937  122.6394  84.7942    nan  nan
150.  58.6389  22.9249  6.8475  18.4827  nan  91.9026  22.6591  20.5816  19.3869    nan  nan
151.  310.9365  98.4414  61.9801  212.305  nan  394.0212  54.1922  65.9808  44.2431    nan  nan
152.  181.3163  50.1891  27.0124  87.6961  nan  172.0893  19.8439  32.2216  21.7747    nan  nan
153.  145.4962  139.1078  16.4098  44.4692  nan  634.3464  277.7058  105.6582  77.0518    nan  nan
154.  275.8912  74.4802  42.5902  135.5362  nan  212.1672  28.5313  36.2595  24.5898    nan  nan
155.  118.4666  171.3399  13.6655  32.6675  nan  797.2249  347.7167  101.1074  75.9477    nan  nan
156.  104.9834  43.0278  6.1323  31.3329  nan  195.1172  44.8385  39.1077  29.3469    nan  nan
157.  154.7612  83.6002  13.5947  42.8566  nan  288.7234  93.1959  47.2272  32.4983    nan  nan
158.  189.3423  161.1542  22.9678  71.8835  nan  676.5645  242.2473  117.843  91.7281    nan  nan
159.  179.9108  94.0386  14.7085  52.2383  nan  380.31  111.2647  85.7634  61.0745    nan  nan
160.  241.9553  115.803  18.4316  68.5676  nan  410.9432  160.2354  88.1069  65.1168    nan  nan
161.  99.2845  81.7125  9.1478  21.8677  nan  326.7494  108.9008  55.2144  38.7171    nan  nan
162.  299.6542  108.0358  43.9012  128.8016  nan  376.2139  68.2238  82.2693  55.4373    nan  nan
163.  140.4867  69.1389  9.4997  45.44  nan  362.9297  118.416  67.3241  51.5077    nan  nan
164.  162.8718  122.0748  14.0534  39.6776  nan  509.8682  166.3895  89.7843  48.4001    nan  nan
165.  354.8765  93.975  45.1803  150.2995  nan  286.2379  45.8132  62.3027  40.9089    nan  nan
166.  296.6403  123.9387  35.8488  113.3318  nan  536.5385  127.3166  107.7314  72.6103    nan  nan
167.  240.1574  161.0739  20.872  53.0021  nan  712.0721  310.2631  123.2021  91.7259    nan  nan
168.  74.2081  43.9552  10.1064  24.677  nan  202.5564  63.9833  42.3907  30.4533    nan  nan
169.  127.2018  64.9394  10.8124  28.1064  nan  278.7021  96.8883  53.4634  36.4978    nan  nan
170.  258.0369  90.2269  21.8675  73.0478  nan  287.8111  69.6791  56.0358  36.7846    nan  nan
171.  394.5337  204.5647  43.0712  112.5552  nan  934.0975  303.7614  212.869  153.4998    nan  nan
172.  264.6999  73.8916  35.5746  100.6776  nan  241.5144  43.543  55.4616  40.8223    nan  nan
173.  145.9968  74.1109  11.4103  20.9185  nan  282.3946  93.9936  56.3943  39.3075    nan  nan
174.  493.7274  168.1179  45.1915  142.6252  nan  577.0596  153.3539  122.3127  85.2472    nan  nan
175.  58.5702  52.4024  7.4853  19.6517  nan  334.2393  139.6572  65.826  50.1844    nan  nan
176.  161.4709  117.4161  13.5772  44.2548  nan  441.0444  175.8206  69.61  52.7049    nan  nan
177.  747.0085  259.1689  211.8781  659.0939  nan  923.5844  99.4946  128.6854  89.9203    nan  nan
178.  172.2771  75.0889  15.2393  50.2159  nan  288.7288  75.5211  67.3492  43.0489    nan  nan
179.  153.93  94.6203  9.6828  35.5205  nan  400.0874  125.9997  82.6679  56.2453    nan  nan
180.  185.8826  115.6585  17.5049  50.4911  nan  431.4767  157.5337  84.7459  60.7449    nan  nan
181.  91.455  69.3786  13.5365  35.8884  nan  245.9453  111.9185  57.9469  42.3193    nan  nan
182.  384.8978  248.6884  45.4385  142.4657  nan  964.6548  417.3279  157.63  121.092    nan  nan
183.  167.8407  60.0951  13.0137  51.7497  nan  186.6234  47.2978  43.147  27.6799    nan  nan
184.  197.9583  124.5581  14.9309  35.5054  nan  477.5072  162.7494  98.8506  70.6039    nan  nan
185.  285.0072  83.7393  56.6719  165.3881  nan  259.3029  32.1696  48.8233  30.7612    nan  nan
186.  225.5713  76.9756  27.4083  76.6231  nan  276.2564  50.3703  58.5235  40.9413    nan  nan
187.  142.9938  37.5541  11.3859  33.3607  nan  121.4583  24.0348  32.395  25.1293    nan  nan
188.  230.8561  124.0774  20.5597  65.7488  nan  472.2084  169.2208  85.6193  61.2839    nan  nan
189.  86.6362  46.3571  8.5781  25.8474  nan  257.2593  90.6698  50.4858  32.4178    nan  nan
190.  224.0186  65.156  22.0372  73.2  nan  189.6908  48.0334  46.5254  31.021    nan  nan
191.  101.4383  32.5317  13.3236  43.0195  nan  121.0845  24.6206  29.6329  17.7479    nan  nan
192.  310.0334  133.9718  25.3789  71.6594  nan  477.398  150.5503  89.1944  66.2499    nan  nan
193.  694.4271  228.3116  124.0928  364.2282  nan  759.0037  110.9391  123.8301  85.1814    nan  nan
194.  226.4339  175.2308  24.1001  76.0043  nan  801.657  320.6236  160.2073  108.4163    nan  nan
195.  153.1691  52.0032  14.1545  43.3003  nan  172.4527  32.722  36.5213  23.9913    nan  nan
196.  148.5569  114.9824  12.8232  33.2404  nan  469.5829  148.9525  73.0371  52.6971    nan  nan
197.  208.9428  55.9716  22.404  61.8184  nan  185.5206  37.6234  40.7418  26.213    nan  nan
198.  188.1965  24.1106  13.1348  39.0527  nan  110.276  23.5985  34.1061  19.8157    nan  nan
199.  172.8739  55.4123  11.8212  34.8432  nan  185.7758  47.4499  45.2869  31.5249    nan  nan
200.  174.2184  63.8405  16.2336  39.7298  nan  239.6724  82.977  42.9966  35.0226    nan  nan
201.  55.403  44.5996  4.6183  10.6421  nan  162.6043  51.3673  32.7906  21.2429    nan  nan
202.  100.1425  56.116  14.1519  37.1634  nan  214.4987  55.9765  47.2329  29.9484    nan  nan
203.  155.0724  80.7622  11.8173  29.9392  nan  324.0555  99.8298  65.0054  43.6466    nan  nan
204.  126.0  48.2386  11.565  36.0684  nan  177.3615  49.8814  42.4226  30.7017    nan  nan
205.  138.9143  55.2297  12.4694  39.9731  nan  166.3404  36.8288  41.8683  26.5031    nan  nan
206.  180.5618  63.7554  41.758  118.1167  nan  192.7356  32.2948  38.4738  28.605    nan  nan
207.  73.5256  27.0584  7.0769  17.9683  nan  102.462  26.8981  25.7254  17.614    nan  nan
208.  1412.226  714.377  357.1534  1088.157  nan  3190.512  773.2178  376.8403  309.5718    nan  nan
209.  163.1711  154.943  18.6738  42.7676  nan  805.6036  364.4942  144.7442  112.8529    nan  nan
210.  135.2176  116.4567  9.4711  29.0907  nan  525.902  208.7247  90.2494  67.41    nan  nan
211.  186.2406  80.6974  20.9344  61.6803  nan  303.8931  82.7416  67.0189  43.5251    nan  nan
212.  129.3634  64.837  14.2281  38.1249  nan  273.567  83.4025  56.9184  39.3927    nan  nan
213.  112.8721  62.5142  9.3734  27.7443  nan  214.6427  81.9308  44.1687  30.3087    nan  nan
214.  443.9322  198.3183  135.3789  411.9266  nan  696.4236  105.9435  91.0352  67.6244    nan  nan
215.  145.3756  432.0515  189.5198  613.6818  nan  1480.57  358.412  89.0661  72.3969    nan  nan
216.  87.4038  37.5874  10.889  23.7387  nan  152.3715  39.8797  34.2662  24.2451    nan  nan
217.  183.2997  114.365  12.1327  38.6941  nan  452.5172  200.1038  104.5674  86.8339    nan  nan
218.  137.6083  122.5304  9.2143  34.9874  nan  490.0212  152.0677  79.4079  53.7118    nan  nan
219.  129.9223  122.248  10.1297  31.1606  nan  584.174  225.3587  96.7506  68.5601    nan  nan
220.  326.9387  180.6025  42.8944  132.2475  nan  750.2336  250.1716  124.1993  96.3136    nan  nan
221.  554.5425  174.9823  57.4145  172.1904  nan  584.2022  134.9458  123.512  91.7218    nan  nan
222.  126.4563  120.993  10.6512  47.8985  nan  590.3281  224.7775  101.5524  67.0205    nan  nan
223.  221.1331  87.6363  24.1164  71.8681  nan  306.2211  80.2476  54.8355  38.1737    nan  nan
224.  198.9757  100.1034  21.2566  62.0962  nan  423.4119  117.2499  78.7687  52.7026    nan  nan
225.  829.748  366.1586  104.1525  309.238  nan  1260.209  408.6841  225.6997  155.5711    nan  nan
226.  118.1194  106.5196  11.6296  28.4533  nan  422.3743  178.3572  64.1466  55.8933    nan  nan
227.  515.2261  188.3455  253.7391  750.5898  nan  610.5435  38.2119  61.2065  48.0269    nan  nan
228.  145.3966  46.3905  11.1253  36.4069  nan  139.4395  35.6509  38.7378  29.3164    nan  nan
229.  214.9321  111.8557  20.7425  62.2762  nan  404.8724  119.3388  90.1135  60.4172    nan  nan
230.  103.8264  46.9516  6.5512  31.1469  nan  156.3674  38.8949  32.048  20.2629    nan  nan
231.  124.3872  109.1098  10.9163  23.0973  nan  504.5006  195.5145  89.4144  66.0665    nan  nan
232.  92.0192  47.2593  16.4099  39.9957  nan  217.9777  61.707  45.9267  28.3107    nan  nan
233.  113.7268  37.2993  9.0227  23.3661  nan  118.8911  35.8339  30.4843  20.612    nan  nan
234.  145.4426  54.4622  16.6751  54.1965  nan  170.7209  35.7096  39.4696  28.3028    nan  nan
235.  202.6885  117.353  12.5717  39.7268  nan  473.3609  160.3429  81.8046  60.6438    nan  nan
236.  207.3286  125.5791  14.184  41.077  nan  463.6906  144.6182  89.6874  59.4002    nan  nan
237.  195.9704  66.3619  11.478  40.1727  nan  197.7977  48.3146  40.4979  30.0761    nan  nan
238.  244.7757  136.074  24.9091  72.9347  nan  590.4728  201.1239  109.1034  78.528    nan  nan
239.  253.7911  110.2359  19.6865  78.1685  nan  364.8051  89.5446  78.184  53.247    nan  nan
240.  113.162  68.819  9.0243  31.6212  nan  262.103  87.6124  49.2355  31.6049    nan  nan
241.  340.8359  140.7206  36.8348  103.3226  nan  503.5641  133.9638  100.5698  70.3469    nan  nan
242.  142.0013  113.7805  10.7965  34.9665  nan  475.4156  185.7875  84.0216  62.5302    nan  nan
243.  59.2344  31.4364  6.4836  16.6274  nan  115.6082  33.1146  27.8558  19.3334    nan  nan
244.  202.9018  215.3832  19.5792  45.2864  nan  968.4866  371.0573  131.7665  90.3629    nan  nan
245.  123.1204  96.224  11.6297  31.5349  nan  426.187  134.7751  80.9613  55.6859    nan  nan
246.  68.3463  35.747  8.7436  19.1641  nan  145.7291  62.1181  38.5382  27.2885    nan  nan
247.  76.8963  26.2969  5.6389  20.6828  nan  102.8375  27.4915  24.3426  16.2387    nan  nan
248.  618.5733  323.019  92.3639  282.7387  nan  1345.447  464.0623  249.2296  179.0854    nan  nan
249.  686.2821  229.2274  229.9074  700.4216  nan  716.5963  77.4929  103.2621  73.7965    nan  nan
250.  294.558  96.6311  103.0409  308.6396  nan  325.1529  13.0864  34.8823  23.9068    nan  nan
251.  363.3279  269.4937  32.9449  92.6742  nan  1090.928  435.6567  189.9728  152.039    nan  nan
252.  460.4058  179.1972  60.6773  182.822  nan  654.0975  148.2516  113.8904  82.8571    nan  nan
253.  335.5323  148.8561  27.5258  85.0153  nan  578.3986  148.7292  110.7568  80.5513    nan  nan
254.  222.781  156.9787  18.6061  57.1018  nan  606.1029  244.1151  99.2595  79.6285    nan  nan
255.  69.5265  30.2662  6.5739  18.8651  nan  113.6187  31.9275  28.6292  19.366    nan  nan
256.  101.5343  55.4935  10.3165  32.3087  nan  205.8963  56.562  47.0239  35.0897    nan  nan
257.  316.8669  165.7406  31.5945  93.5459  nan  639.9797  182.1379  129.8533  91.9126    nan  nan
258.  468.7214  199.2419  26.8072  74.0627  nan  768.1054  247.8978  135.9318  99.337    nan  nan
259.  86.9964  59.5575  12.2671  32.1605  nan  330.5219  101.8116  66.6039  42.4123    nan  nan
260.  84.8607  65.2243  6.2566  17.0739  nan  264.4402  95.9011  44.5914  30.8086    nan  nan
261.  107.5555  107.7709  8.8257  18.1087  nan  477.1697  180.051  75.0776  53.7175    nan  nan
262.  256.756  100.3727  85.0382  255.6819  nan  367.3391  36.8098  54.4983  40.9308    nan  nan
263.  143.6425  78.3703  18.992  63.7273  nan  381.5384  102.4472  85.5507  64.3332    nan  nan
264.  366.2539  163.6599  37.9406  107.3303  nan  628.11  175.6703  129.0373  92.3833    nan  nan
265.  495.7194  206.3782  88.9572  271.1893  nan  684.3555  128.2336  115.391  78.6204    nan  nan
266.  233.9371  89.7767  72.0697  198.2381  nan  287.0368  30.0526  42.3035  32.3509    nan  nan
267.  181.5374  49.0593  12.4778  38.8475  nan  157.9431  41.6991  37.9825  24.9206    nan  nan
268.  353.4766  161.7044  45.4428  148.9003  nan  578.7561  175.092  91.1112  67.3755    nan  nan
269.  292.1923  97.0228  41.2993  125.6676  nan  365.628  82.3871  79.4594  57.218    nan  nan
270.  66.6287  30.2186  7.5444  17.277  nan  117.2649  36.2228  26.8627  19.431    nan  nan
271.  235.6192  213.4294  22.9186  67.4434  nan  1311.564  568.9531  228.446  166.8555    nan  nan
272.  153.1128  65.9344  21.7687  62.4177  nan  282.3729  73.3628  68.8868  45.9102    nan  nan
273.  121.563  52.3317  47.7706  153.7233  nan  176.6234  16.0041  19.1251  16.1434    nan  nan
274.  237.8191  85.0404  25.6769  86.4509  nan  320.093  75.7467  66.7926  48.2763    nan  nan
275.  73.1592  40.1621  8.4262  21.8154  nan  198.1132  62.1524  39.3791  26.9953    nan  nan
276.  442.6565  225.3122  41.1241  127.4194  nan  831.0552  292.7017  152.6593  111.2784    nan  nan
277.  340.4954  209.0478  41.3343  113.885  nan  823.5914  322.2417  150.5708  105.4514    nan  nan
278.  132.9137  123.4521  13.4582  38.3931  nan  575.9121  243.9126  90.2586  74.9857    nan  nan
279.  191.1743  140.078  28.5525  92.0246  nan  794.8496  257.554  164.2843  121.1204    nan  nan
280.  151.2808  54.7213  16.713  53.8526  nan  182.708  41.8409  44.138  29.2882    nan  nan
281.  342.6183  177.8438  26.145  77.6316  nan  633.7833  209.9793  119.0833  86.6517    nan  nan
282.  376.0274  193.7064  34.1227  80.7846  nan  765.3411  224.0494  142.0568  104.2989    nan  nan
283.  220.4174  103.7836  18.5331  53.7658  nan  407.3337  124.3289  80.2196  54.3028    nan  nan
284.  104.1679  58.1673  7.3761  19.4579  nan  234.4586  83.502  49.0044  35.2013    nan  nan
285.  154.8564  88.7432  17.0514  47.0233  nan  383.7127  101.5811  83.7757  60.6305    nan  nan
286.  95.049  42.0088  9.8882  29.4562  nan  117.5616  29.4592  30.3296  19.4783    nan  nan
287.  193.7601  152.4932  18.4053  47.1842  nan  539.7322  175.4979  96.1608  70.6494    nan  nan
288.  274.0115  99.8667  52.3563  163.9959  nan  357.2706  56.3829  72.7652  50.4104    nan  nan
289.  428.0608  137.616  63.9402  184.3902  nan  429.3713  79.6203  88.9507  59.8946    nan  nan
290.  605.868  182.3121  102.4935  322.3539  nan  584.4313  86.2498  112.047  77.9048    nan  nan
291.  163.2692  68.2895  40.4482  119.8532  nan  266.0876  34.5302  50.4279  34.9659    nan  nan
292.  449.325  170.0076  144.9017  440.2659  nan  603.329  53.4163  90.7862  61.6358    nan  nan
293.  107.4737  97.3537  10.2716  25.4607  nan  521.5776  172.0753  87.3765  61.6264    nan  nan
294.  91.1302  69.6368  7.2552  23.1601  nan  249.61  83.6166  47.7181  32.0576    nan  nan
295.  172.8824  83.27  17.9364  50.9936  nan  360.5555  102.6849  77.586  50.7407    nan  nan
296.  108.2271  43.3211  11.1618  35.1514  nan  157.7428  41.1301  36.5935  20.5321    nan  nan
297.  196.7719  65.9891  33.6181  101.19  nan  255.7368  69.0438  54.1495  40.2869    nan  nan
298.  80.0645  51.0739  8.0297  19.9332  nan  237.3549  91.0542  46.227  36.4832    nan  nan
299.  331.3605  230.4204  18.6544  62.0416  nan  954.4078  331.5032  163.131  119.5018    nan  nan
300.  715.4138  278.8347  182.6428  529.31  nan  910.0176  132.4821  140.0642  99.9608    nan  nan
301.  157.8479  76.0695  13.6943  45.2537  nan  284.5444  80.9877  60.8319  41.1752    nan  nan
302.  246.365  178.8789  19.446  46.5335  nan  780.2327  342.7685  113.8478  86.7802    nan  nan
303.  103.5768  56.0319  7.9539  21.5995  nan  237.4191  62.5296  44.5938  34.3558    nan  nan
304.  152.2059  136.7682  12.5179  31.1519  nan  659.9203  256.591  109.4864  84.7529    nan  nan
305.  278.6241  146.766  26.9713  93.7912  nan  539.0775  177.3551  88.1156  73.6172    nan  nan
306.  147.7067  55.1532  11.9763  46.0497  nan  217.1374  48.3176  44.1673  32.5491    nan  nan
307.  287.0038  192.8095  26.9855  66.5463  nan  864.3884  408.1063  150.7019  123.7851    nan  nan
308.  422.5084  169.0277  180.4662  528.7902  nan  494.0386  55.6453  66.396  55.9978    nan  nan
309.  490.5885  215.6933  89.6466  274.819  nan  746.4992  176.7434  129.3716  89.3625    nan  nan
310.  164.5736  68.9926  13.8409  39.6167  nan  264.2195  83.0418  56.1889  36.3859    nan  nan
311.  322.5608  99.2715  34.5476  111.717  nan  343.15  70.9506  78.4983  57.1623    nan  nan
312.  372.6539  211.131  24.3099  73.4846  nan  886.1943  316.2141  163.9441  119.54    nan  nan
313.  326.6869  105.2078  64.6201  201.2877  nan  334.8367  42.6387  66.205  46.3909    nan  nan
314.  140.8135  53.0845  16.1214  52.4286  nan  185.9402  43.4802  38.7641  27.4721    nan  nan
315.  201.2254  82.8255  13.5965  54.2084  nan  290.8176  90.4641  63.5325  44.4591    nan  nan
316.  1167.296  462.6096  432.9945  1289.6  nan  1753.613  189.8764  209.4128  148.6359    nan  nan
317.  151.8744  100.9794  11.1505  25.2275  nan  374.5691  130.8765  68.6724  48.7905    nan  nan
318.  83.0603  24.0448  6.5532  27.7986  nan  87.5895  15.626  20.3987  15.9276    nan  nan
319.  240.1105  95.315  25.1947  67.5902  nan  316.6939  81.6792  68.2528  46.5639    nan  nan
320.  509.8541  186.954  99.1463  303.1587  nan  709.0333  115.0443  125.6608  93.2827    nan  nan
321.  442.5847  127.9173  116.4258  340.9705  nan  357.5301  22.5152  48.2182  35.9605    nan  nan
322.  210.1122  110.2472  21.288  69.9643  nan  493.3375  137.6367  108.2428  78.5642    nan  nan
323.  504.3855  170.2578  60.6672  178.2063  nan  540.6079  126.8822  120.118  77.6886    nan  nan
324.  149.6497  82.928  15.0114  43.3302  nan  348.0912  129.3466  64.0565  46.6253    nan  nan
325.  215.6891  61.4257  22.3347  66.0456  nan  210.0819  49.5843  45.8653  34.095    nan  nan
326.  655.7588  192.1237  101.4062  312.3857  nan  659.1685  94.9363  127.9072  89.1146    nan  nan
327.  341.8858  135.6244  27.7869  90.4997  nan  485.0043  118.86  90.8145  61.4571    nan  nan
328.  248.0013  99.7027  28.5354  91.4486  nan  383.8842  92.5677  74.3945  53.2033    nan  nan
329.  82.9835  47.6088  5.354  17.3739  nan  186.0998  62.5111  36.0371  25.2635    nan  nan
330.  532.6701  142.6184  63.6188  204.0883  nan  431.6045  107.2711  105.4968  78.71    nan  nan
331.  335.4879  115.7491  65.3547  202.0761  nan  434.6404  72.7973  92.4781  59.4863    nan  nan
332.  80.8746  48.1027  7.491  25.4728  nan  258.5601  90.8838  58.1891  37.6713    nan  nan
333.  174.7844  57.7011  25.108  66.311  nan  178.9945  32.6762  41.438  27.6104    nan  nan
334.  492.2053  177.768  91.892  255.624  nan  603.6152  111.3586  107.7959  77.0323    nan  nan
335.  155.9215  45.6779  32.1597  107.9404  nan  131.6798  16.1686  22.5046  17.0934    nan  nan
336.  87.7812  40.2062  6.2929  15.4056  nan  146.4775  48.2248  32.4319  19.2531    nan  nan
337.  109.0614  155.3262  10.6802  25.6975  nan  723.334  237.3451  100.7604  65.2565    nan  nan
338.  77.795  32.9164  5.1952  16.7365  nan  111.0792  34.2594  26.2184  16.634    nan  nan
339.  279.2601  150.9668  21.6907  62.6461  nan  565.3337  188.3585  117.4964  79.9477    nan  nan
340.  237.5699  135.5248  20.0448  60.6967  nan  600.8453  224.2395  134.0686  84.5168    nan  nan
341.  500.8111  295.8555  49.4676  122.7765  nan  1085.93  506.8432  204.5064  148.4501    nan  nan
342.  142.5409  61.1201  13.0491  29.2543  nan  222.0325  62.2493  48.7511  33.5975    nan  nan
343.  148.1262  76.1081  10.5524  32.273  nan  229.0684  65.0451  52.5692  38.3706    nan  nan
344.  60.9946  40.8436  7.5118  16.0544  nan  162.4921  51.9984  32.6319  25.7383    nan  nan
345.  186.5129  205.5979  24.4945  45.6895  nan  960.6496  353.6917  141.3271  101.725    nan  nan
346.  106.8305  36.8006  8.9881  29.451  nan  123.1067  24.5096  31.9369  22.6968    nan  nan
347.  105.644  41.1928  8.5483  26.6408  nan  176.1691  68.7657  43.3776  28.2065    nan  nan
348.  371.0124  134.5969  44.7102  130.1038  nan  462.8669  86.2168  92.8736  66.1448    nan  nan
349.  99.1991  39.1916  15.6785  32.2993  nan  151.2063  40.3155  33.8504  21.3381    nan  nan
350.  222.8374  64.406  17.9374  76.2162  nan  221.3995  36.9961  49.3728  35.033    nan  nan
351.  450.236  194.3403  79.3906  238.2276  nan  677.7941  120.1733  78.0574  61.8582    nan  nan
352.  86.0473  59.567  8.569  18.9198  nan  187.418  77.148  35.7216  23.0876    nan  nan
353.  303.2909  144.9373  20.3471  72.2007  nan  619.1697  188.823  118.5847  84.5268    nan  nan
354.  116.2542  52.2022  11.8545  34.3258  nan  202.6859  57.4401  44.5539  33.4285    nan  nan
355.  362.0249  179.6864  32.1708  94.3038  nan  700.2982  220.9002  125.2996  88.3485    nan  nan
356.  186.31  95.3711  14.6198  34.3536  nan  397.6277  115.1959  85.5374  57.1811    nan  nan
357.  372.8698  140.3092  48.7946  142.4431  nan  412.84  134.606  92.4524  79.1562    nan  nan
358.  206.476  120.5721  24.5458  67.509  nan  516.8823  139.1764  99.3853  69.6354    nan  nan
359.  207.5027  76.3079  21.653  68.8442  nan  258.4088  66.8624  55.6661  40.2091    nan  nan
360.  298.1364  78.1416  37.8703  125.0526  nan  250.8271  36.6016  58.4818  37.5028    nan  nan
361.  171.5141  51.246  27.7263  85.7987  nan  206.8146  31.857  43.6848  31.5242    nan  nan
362.  675.0585  247.2093  71.177  202.0708  nan  817.903  220.9493  145.9156  111.9205    nan  nan
363.  173.112  102.4936  14.1625  49.3837  nan  415.6466  140.9936  83.0693  59.8359    nan  nan
364.  105.3315  35.7952  9.5129  23.4218  nan  129.0662  31.6244  32.3501  23.4247    nan  nan
365.  704.1241  838.3542  426.3526  1297.754  nan  3650.162  819.6344  220.1667  173.0824    nan  nan
366.  147.835  55.3045  11.9729  27.049  nan  237.0744  108.5522  59.9678  39.1625    nan  nan
367.  53.5236  44.0193  7.6468  19.3632  nan  166.6611  63.4559  32.5411  18.4532    nan  nan
368.  160.6649  44.7606  23.4116  66.006  nan  140.4119  19.7055  33.5313  22.9039    nan  nan
369.  221.1238  137.2497  17.0381  42.1105  nan  567.5193  196.9836  106.8623  74.3212    nan  nan
370.  129.7884  87.2449  12.2944  34.251  nan  382.5346  120.907  71.3895  54.3699    nan  nan
371.  624.8188  192.0404  72.6503  219.729  nan  612.9525  153.2253  128.9707  92.2853    nan  nan
372.  70.4986  35.5831  5.4938  18.0392  nan  160.9286  53.6813  33.0436  21.7741    nan  nan
373.  77.2262  52.102  5.6914  16.9968  nan  209.1857  63.7531  36.9721  37.3748    nan  nan
374.  122.8628  79.162  6.9261  21.5557  nan  301.7971  103.7457  52.832  40.2294    nan  nan
375.  217.0974  65.7437  26.612  78.7975  nan  225.5869  41.515  42.5592  29.8956    nan  nan
376.  597.3123  215.8848  187.0563  563.2758  nan  694.3148  82.5986  91.9047  62.7957    nan  nan
377.  345.007  164.3637  28.8238  82.7232  nan  648.0149  163.2033  123.2411  82.6977    nan  nan
378.  62.6026  29.2498  4.1013  16.8418  nan  123.2301  41.8345  27.9631  16.5619    nan  nan
379.  209.5029  74.4813  11.9528  42.2504  nan  243.5906  74.3113  61.6223  40.5232    nan  nan
380.  546.3684  416.8688  50.9483  154.2495  nan  1613.488  586.3076  259.0094  182.9359    nan  nan
381.  330.4505  160.2029  23.511  75.2366  nan  712.8675  226.2527  145.7501  107.6647    nan  nan
382.  365.458  154.2408  53.5375  159.1836  nan  613.4594  130.2686  109.9762  83.7641    nan  nan
383.  133.9978  98.4327  10.1298  35.2395  nan  404.3917  198.7159  96.2667  69.4747    nan  nan
384.  159.6725  61.8048  10.643  34.7785  nan  227.724  67.5321  46.8064  34.1914    nan  nan
385.  951.7316  547.7863  242.7847  737.5797  nan  2019.638  622.1342  183.2741  187.6196    nan  nan
386.  464.7376  140.3999  98.0582  295.4578  nan  423.1202  53.8132  68.7246  47.368    nan  nan
387.  548.7953  166.7518  129.426  387.6028  nan  552.4671  58.2452  88.5351  61.3208    nan  nan
388.  100.4305  61.6216  5.9046  19.6323  nan  237.229  75.2161  44.9338  33.0136    nan  nan
389.  239.4857  78.3969  62.0107  176.9897  nan  271.4296  21.3917  44.0261  31.7352    nan  nan
390.  772.9948  353.255  167.4121  501.3553  nan  1293.862  311.587  197.2077  127.9836    nan  nan
391.  186.3877  75.0893  22.2014  77.9762  nan  313.7667  65.5494  71.5929  49.1954    nan  nan
392.  107.1014  42.8297  12.8707  33.5987  nan  144.452  39.2796  33.0025  27.2596    nan  nan
393.  65.4051  44.1891  8.0985  22.0193  nan  189.9271  60.0986  31.4731  25.6093    nan  nan
394.  120.2985  61.482  6.4345  23.8638  nan  232.1308  81.5151  46.2432  33.6869    nan  nan
395.  107.8453  52.525  5.7861  32.0562  nan  205.0821  55.6194  41.7697  27.7764    nan  nan
396.  128.4929  94.9093  15.6658  30.956  nan  425.8982  141.5895  65.6362  51.5804    nan  nan
397.  235.7237  144.3924  17.5509  51.1123  nan  601.1707  194.5674  108.0854  76.3594    nan  nan
398.  222.1193  139.773  14.2043  51.7871  nan  515.9987  203.2599  104.6319  70.5022    nan  nan
399.  95.3763  30.7881  10.6818  31.8537  nan  91.4536  18.6802  21.146  15.1751    nan  nan
400.  168.7018  183.3413  15.354  40.4081  nan  832.1242  291.0009  125.8104  92.077    nan  nan
401.  75.1608  51.0881  8.8835  16.7686  nan  189.1458  82.5086  44.1879  34.5872    nan  nan
402.  354.4932  199.8129  25.7926  83.4442  nan  740.3284  259.731  138.9347  97.5048    nan  nan
403.  391.4078  144.2601  66.445  193.6383  nan  539.9558  116.3611  94.6312  68.7016    nan  nan
404.  360.3722  242.3485  27.3855  104.9591  nan  1232.242  460.1274  201.3653  139.7994    nan  nan
405.  414.3404  166.9454  37.2091  101.2295  nan  566.8304  163.4084  113.3128  77.8832    nan  nan
406.  359.1787  184.891  82.1515  246.567  nan  677.9879  225.71  73.1462  61.7598    nan  nan
407.  99.857  58.2628  9.5621  23.4179  nan  252.3102  89.4923  53.9083  33.8645    nan  nan
408.  108.3528  41.1714  8.9497  23.399  nan  146.3412  42.4004  33.1704  22.2684    nan  nan
409.  896.3874  494.8846  208.8438  619.8896  nan  1848.386  545.1463  228.2471  193.2322    nan  nan
410.  131.8939  50.1081  18.2905  63.4907  nan  225.4344  52.0763  47.1935  33.4972    nan  nan
411.  253.5282  229.769  21.0799  65.6  nan  927.1406  292.6851  167.4478  120.8202    nan  nan
412.  88.6855  83.818  6.4884  22.5097  nan  330.74  161.7599  51.9404  39.2187    nan  nan
413.  426.9037  142.638  36.763  118.999  nan  475.016  108.3364  103.4887  70.9623    nan  nan
414.  82.0111  25.2366  5.4792  19.3448  nan  91.2158  23.5264  28.8837  20.1058    nan  nan
415.  135.0844  121.2967  14.9989  42.1269  nan  630.8467  281.7247  102.6279  83.6813    nan  nan
416.  113.1066  42.0803  19.2751  40.7247  nan  166.2571  39.0653  41.4648  27.0862    nan  nan
417.  130.769  71.0051  11.0387  31.8683  nan  289.689  90.6191  59.1787  40.9284    nan  nan
418.  150.9423  59.7957  10.3153  31.8768  nan  213.3034  55.6457  48.1149  32.832    nan  nan
419.  130.3501  67.7263  8.5912  28.6478  nan  250.9444  72.9039  54.7853  35.0168    nan  nan
420.  130.7643  101.3873  8.9984  43.2349  nan  434.2144  149.0733  78.6577  58.715    nan  nan
421.  87.8852  34.0104  10.4707  21.4622  nan  124.7933  32.3119  36.3815  17.2431    nan  nan
422.  71.1072  43.066  6.8457  19.7773  nan  177.6076  57.0484  39.9712  23.4016    nan  nan
423.  1114.892  284.9783  258.8545  760.9006  nan  818.3728  65.7507  119.9011  83.8707    nan  nan
424.  255.7419  408.0255  17.6494  65.9217  nan  2196.583  925.2275  275.3363  220.3025    nan  nan
425.  95.5502  32.134  15.5585  26.6177  nan  94.9862  22.1731  21.9165  17.4589    nan  nan
426.  254.7508  67.8778  37.1757  109.1862  nan  233.2228  31.0866  46.9877  31.9585    nan  nan
427.  190.7251  158.5512  17.9705  42.8362  nan  759.7549  287.1839  118.6611  87.6351    nan  nan
428.  251.0632  147.4623  23.6667  65.5347  nan  650.1969  194.2297  119.6192  80.7547    nan  nan
429.  303.4768  210.7324  27.0003  86.0435  nan  1037.46  356.5191  186.8574  133.7143    nan  nan
430.  109.2564  73.4362  16.7657  55.6704  nan  321.4488  122.8934  64.0192  48.0688    nan  nan
431.  247.9304  133.9418  25.6898  79.7174  nan  581.123  255.7719  106.511  81.075    nan  nan
432.  861.0513  347.1664  299.7697  887.3757  nan  1581.521  222.0667  246.1255  191.5579    nan  nan
433.  383.6063  124.6216  29.4561  85.4222  nan  383.1319  94.5138  84.9311  57.8733    nan  nan
434.  90.4672  40.4986  6.8613  18.4216  nan  136.5096  41.5498  29.9568  19.6137    nan  nan
435.  287.284  162.1884  47.1264  133.8736  nan  687.6404  242.5369  92.7761  88.226    nan  nan
436.  348.0547  127.6975  35.7002  109.5057  nan  474.2858  117.1635  114.2441  82.1397    nan  nan
437.  253.0975  113.8599  15.2651  55.3005  nan  410.5737  118.4146  82.4221  59.6406    nan  nan
438.  169.261  63.5539  13.6919  38.014  nan  217.015  66.6093  50.3013  31.8092    nan  nan
439.  172.4643  80.9664  24.8133  76.635  nan  282.3063  57.9021  63.9167  53.7922    nan  nan
440.  120.4483  42.7192  14.2653  36.6372  nan  131.2752  27.5069  25.3026  22.3088    nan  nan
441.  197.5982  277.3715  17.7826  48.0593  nan  1206.808  411.9846  149.6656  109.2414    nan  nan
442.  180.8227  53.7968  30.3364  86.0539  nan  168.4074  26.0093  36.1736  26.6692    nan  nan
443.  162.7818  95.4295  9.1207  39.9648  nan  332.6403  109.5424  65.0832  47.6579    nan  nan
444.  131.7235  80.6614  12.9144  36.5472  nan  322.4712  116.843  61.8099  39.1576    nan  nan
445.  78.5345  46.1906  7.4937  22.3597  nan  215.9396  76.5101  44.4019  30.6064    nan  nan
446.  350.7375  133.3523  53.353  151.0363  nan  491.9743  159.4831  92.6929  66.4781    nan  nan
447.  517.2175  390.6709  35.5111  106.7212  nan  1601.788  703.1523  257.017  182.1573    nan  nan
448.  86.2271  62.7854  13.7466  29.6868  nan  245.8021  92.5149  43.518  38.4028    nan  nan
449.  93.696  30.9475  14.3789  31.8197  nan  130.8008  32.0698  32.8175  19.7676    nan  nan
450.  137.0247  100.7578  8.4115  27.7338  nan  401.6674  141.9703  68.9938  52.2265    nan  nan
451.  244.037  93.1734  25.355  84.4254  nan  310.7307  80.8589  51.1466  39.0188    nan  nan
452.  346.486  124.0628  114.9407  357.2809  nan  409.9563  38.778  47.4119  37.3152    nan  nan
453.  100.5527  59.1006  10.5984  32.6435  nan  242.3661  85.9684  50.4775  38.3076    nan  nan
454.  197.2533  58.0981  17.8571  63.156  nan  213.0944  49.8513  48.3619  32.3727    nan  nan
455.  120.3842  79.3795  10.8191  26.4948  nan  312.3808  112.5039  57.276  43.1543    nan  nan
456.  88.8947  44.6378  7.4563  24.6522  nan  212.7803  67.7468  43.7682  32.0541    nan  nan
457.  145.2744  59.9365  40.7098  125.1984  nan  218.8202  23.1578  35.5903  23.6919    nan  nan
458.  448.042  121.8956  79.5801  243.5572  nan  370.2181  43.4026  69.0631  49.5366    nan  nan
459.  1201.144  495.963  522.2651  1575.139  nan  1647.792  192.1284  203.145  138.1373    nan  nan
460.  114.4195  75.8921  10.1359  24.6644  nan  263.5737  98.6512  44.4143  29.8214    nan  nan
461.  155.6164  78.1004  19.7493  44.8077  nan  426.9994  130.2384  92.3367  66.7844    nan  nan
462.  66.0715  43.9418  9.1449  22.7813  nan  198.5968  58.3865  37.2911  27.4342    nan  nan
463.  228.8902  138.4387  16.4773  51.7143  nan  520.7103  177.973  95.3189  71.9928    nan  nan
464.  266.2677  87.4077  53.7718  158.8168  nan  247.2884  35.6711  43.2591  31.5834    nan  nan
465.  108.8207  38.5904  8.9356  24.5276  nan  134.0668  41.2989  36.1919  24.2292    nan  nan
466.  122.4103  43.6938  17.1049  52.8618  nan  192.1522  44.4271  48.6328  32.615    nan  nan
467.  243.6999  82.3655  41.1424  127.3232  nan  311.2568  56.1739  63.971  44.831    nan  nan
468.  109.3932  39.7793  12.4762  37.5569  nan  123.5925  24.4936  27.8445  17.865    nan  nan
469.  170.981  77.2099  45.2273  134.5481  nan  279.7911  41.4895  45.9856  30.4705    nan  nan
470.  256.0394  79.0485  52.5618  170.8036  nan  256.6288  29.4732  43.7027  33.7423    nan  nan
471.  150.5763  51.5543  26.1998  92.216  nan  149.8723  19.5323  30.7994  20.513    nan  nan
472.  134.0043  97.1476  21.4536  67.1687  nan  476.575  178.9638  89.6482  58.2197    nan  nan
473.  539.6444  169.9399  107.4842  313.7395  nan  572.3172  94.7741  112.0004  77.6369    nan  nan
474.  503.3871  163.0581  92.4365  287.1355  nan  586.394  87.5447  109.7008  79.5498    nan  nan
475.  135.9612  47.9749  21.2701  57.4461  nan  184.2642  37.2752  40.3771  22.8809    nan  nan
476.  114.064  97.1202  8.4998  25.5069  nan  377.8734  130.199  65.9867  48.3466    nan  nan
477.  247.4884  130.9877  24.0969  54.959  nan  460.6548  143.9368  86.0926  64.1115    nan  nan
478.  118.9936  35.0956  14.1204  46.7166  nan  108.703  19.4485  25.4132  18.3722    nan  nan
479.  852.2054  295.3479  225.178  675.7881  nan  970.1008  112.7597  137.2894  93.9535    nan  nan
480.  82.937  65.012  9.0094  27.228  nan  310.2197  111.8868  56.1847  41.2415    nan  nan
481.  108.642  89.5224  7.9331  23.6069  nan  479.2717  164.9565  91.3209  64.2207    nan  nan
482.  1023.985  499.189  111.551  339.0296  nan  1882.365  594.8857  323.401  245.2977    nan  nan
483.  193.0067  84.592  24.8517  78.7783  nan  325.1206  72.0639  68.652  44.0332    nan  nan
484.  390.5065  128.2452  68.8542  201.3556  nan  413.8876  93.09  79.0921  57.8106    nan  nan
485.  305.1732  118.4241  20.3748  66.9775  nan  550.2463  151.5404  116.8427  82.9006    nan  nan
486.  326.955  139.1155  48.3859  142.1741  nan  755.8821  225.7002  155.0634  106.2053    nan  nan
487.  125.7635  64.9721  15.4681  50.6675  nan  270.0515  74.8096  52.6859  36.9922    nan  nan
488.  294.4708  46.6177  23.4698  87.4916  nan  167.8517  30.7232  39.3492  32.3755    nan  nan
489.  299.4765  157.1522  18.4017  66.5882  nan  560.2997  150.9937  115.7334  74.145    nan  nan
490.  108.5059  42.7889  11.9854  28.9932  nan  192.2067  50.4082  38.5369  31.1969    nan  nan
491.  115.2577  41.542  9.4656  28.7121  nan  138.2969  33.5836  29.534  22.7326    nan  nan
492.  405.6164  200.5324  50.5321  154.6382  nan  672.2881  185.5354  107.8957  75.5555    nan  nan
493.  62.5264  57.3732  8.132  20.9338  nan  260.6801  103.226  46.5164  38.2739    nan  nan
494.  543.0023  186.9547  90.1402  253.0499  nan  610.8786  116.09  112.7815  74.7193    nan  nan
495.  127.407  88.2471  10.6635  29.355  nan  365.6514  125.004  68.7784  50.0403    nan  nan
496.  110.7294  45.739  10.0882  29.5169  nan  161.7781  41.7747  37.2457  22.1921    nan  nan
497.  244.2036  86.8776  44.8448  130.5171  nan  277.6903  50.9752  46.9297  32.0172    nan  nan
498.  318.379  229.0364  33.9306  90.2771  nan  1242.976  467.0524  240.6626  171.4388    nan  nan
499.  81.0831  45.2319  6.0224  24.3714  nan  158.4245  54.0586  35.1427  24.452    nan  nan
500.  156.2096  88.2334  22.3421  51.8987  nan  330.8414  134.2529  70.1539  49.7572    nan  nan
