;# galnum,[OII]3727,Hb,[OIII]4959,[OIII]5007,[OI]6300,Ha,[NII]6584,[SII]6717,[SII]6731,[SIII]9069,[SIII]9532
1.  8.2666  3.226  3.1192  3.3718  0.000  4.9357  3.3479  3.3781  3.4666    0.000  0.000
2.  14.8228  3.9955  2.9488  4.0021  0.000  6.8174  2.9074  3.0062  2.7704    0.000  0.000
3.  9.323  1.8816  1.8143  2.2113  0.000  2.6437  1.0578  1.2776  1.3186    0.000  0.000
4.  13.4131  3.939  3.4376  3.9969  0.000  5.3813  3.6253  3.3265  2.9246    0.000  0.000
5.  5.471  2.2004  1.7409  1.909  0.000  3.3675  2.0304  1.6838  1.5918    0.000  0.000
6.  14.1578  3.5323  3.5263  3.9889  0.000  4.5242  3.3168  3.2885  3.2167    0.000  0.000
7.  18.5484  4.6357  3.2047  4.0296  0.000  8.3158  4.8481  3.7425  3.3695    0.000  0.000
8.  10.5723  3.2513  2.5864  3.6714  0.000  5.9746  2.2637  3.7617  2.3348    0.000  0.000
9.  5.8714  2.1384  1.8213  2.1026  0.000  3.3186  1.7462  1.7605  1.6037    0.000  0.000
10.  23.0168  2.9902  2.3039  2.8675  0.000  4.3941  2.1269  5.4767  2.0908    0.000  0.000
11.  21.7104  3.8746  3.0404  3.59  0.000  7.0126  3.8226  3.292  2.9418    0.000  0.000
12.  13.0152  3.6177  2.7324  3.799  0.000  6.3211  2.6426  2.8633  3.6913    0.000  0.000
13.  6.8821  2.6337  2.1746  2.3338  0.000  3.9095  2.4357  2.1614  1.9222    0.000  0.000
14.  9.7162  2.9018  2.56  3.4799  0.000  3.2673  1.5197  1.8979  1.9656    0.000  0.000
15.  9.5422  3.2603  2.5256  2.8537  0.000  6.8333  3.9277  3.3182  3.0159    0.000  0.000
16.  16.8241  3.7621  2.6496  3.0845  0.000  8.2727  4.3707  3.2716  2.9762    0.000  0.000
17.  12.8456  3.872  3.3822  3.5762  0.000  5.4767  3.9534  3.2025  2.926    0.000  0.000
18.  23.2311  5.2758  4.5065  7.287  0.000  8.7684  3.0284  3.5262  2.9629    0.000  0.000
19.  9.6958  3.1999  2.7542  3.1119  0.000  3.931  2.6157  2.6358  2.3174    0.000  0.000
20.  11.6158  3.2152  2.3347  2.6941  0.000  5.4078  2.7355  2.7468  2.9987    0.000  0.000
21.  6.5469  2.7649  1.7027  1.8556  0.000  6.2513  3.1418  2.4659  2.4243    0.000  0.000
22.  5.8502  1.9537  1.94  2.035  0.000  1.8043  1.2015  1.3196  1.1376    0.000  0.000
23.  8.3099  2.4733  2.309  2.5111  0.000  2.9508  2.001  2.0796  1.888    0.000  0.000
24.  7.0612  2.672  2.0615  3.0738  0.000  4.4324  2.3954  2.649  2.7095    0.000  0.000
25.  10.064  2.4961  1.9801  2.2647  0.000  2.9436  1.6253  2.4189  2.1614    0.000  0.000
26.  11.1078  3.9753  2.7466  3.5622  0.000  7.0076  3.3748  3.5155  3.01    0.000  0.000
27.  11.4053  2.2965  2.0521  2.4626  0.000  3.4176  2.1032  1.9701  1.8482    0.000  0.000
28.  7.1216  2.6992  1.9657  2.2993  0.000  4.3077  2.2153  2.3748  2.0147    0.000  0.000
29.  6.1344  1.6653  1.4643  1.6121  0.000  1.8404  1.1857  1.4366  1.807    0.000  0.000
30.  11.0183  3.8823  2.607  2.8093  0.000  8.703  4.5859  3.6388  3.2868    0.000  0.000
31.  7.1106  2.1359  1.6091  1.9642  0.000  3.6014  2.3665  2.0231  1.7124    0.000  0.000
32.  10.1121  2.5443  2.0735  2.3205  0.000  3.5352  1.963  1.969  1.764    0.000  0.000
33.  12.125  3.3092  2.7385  3.838  0.000  5.1573  1.8666  2.0991  1.8551    0.000  0.000
34.  7.4766  1.9766  1.6068  1.8253  0.000  2.5889  1.5642  1.4884  1.5034    0.000  0.000
35.  5.2154  1.673  1.3571  1.6358  0.000  2.7856  1.7506  1.7957  1.8325    0.000  0.000
36.  7.1381  1.7421  1.4791  1.9924  0.000  2.6008  1.2716  1.7922  1.7012    0.000  0.000
37.  9.2538  2.5197  2.2624  2.3857  0.000  3.4787  2.3341  1.9594  2.5469    0.000  0.000
38.  7.2813  2.8325  2.1127  2.3469  0.000  4.8867  2.8072  2.5093  2.3549    0.000  0.000
39.  11.012  3.2923  2.8945  3.0307  0.000  5.3638  3.5187  2.9986  2.8423    0.000  0.000
40.  6.2709  2.1436  1.943  2.1944  0.000  2.724  1.7923  2.2149  1.7182    0.000  0.000
41.  10.0255  2.5736  2.0364  2.64  0.000  3.388  1.4969  1.6189  1.4399    0.000  0.000
42.  41.2032  8.9851  8.6794  15.9113  0.000  22.1618  6.8656  6.4923  5.7042    0.000  0.000
43.  6.147  2.3065  2.0489  2.2025  0.000  3.5995  2.225  2.0832  1.9007    0.000  0.000
44.  7.6041  2.3532  2.0067  2.6417  0.000  3.2219  1.6826  1.6568  1.7224    0.000  0.000
45.  12.7437  2.6589  2.3494  2.7107  0.000  2.9394  1.7323  2.6296  1.9257    0.000  0.000
46.  14.7172  4.0949  4.6195  8.6122  0.000  7.4115  1.6884  2.0109  1.8027    0.000  0.000
47.  5.0516  1.8611  1.6299  1.7361  0.000  2.5224  1.7689  1.5677  1.4904    0.000  0.000
48.  14.6413  4.0952  2.621  3.2636  0.000  9.6917  4.005  3.5433  3.044    0.000  0.000
49.  6.3983  2.8394  2.353  2.5121  0.000  4.5071  2.7429  2.4306  2.4445    0.000  0.000
50.  8.2309  2.4284  2.2384  2.8585  0.000  3.2947  1.6853  1.9559  1.6052    0.000  0.000
51.  4.629  1.9665  1.8421  1.932  0.000  2.697  1.4555  5.4643  1.7253    0.000  0.000
52.  4.3023  2.0537  1.6427  1.8303  0.000  2.9597  1.8403  1.9049  1.5842    0.000  0.000
53.  11.176  4.1176  2.914  3.6731  0.000  8.114  3.6378  3.2951  2.8365    0.000  0.000
54.  10.8258  3.5854  2.8126  3.2756  0.000  5.4827  2.8459  2.3705  2.1804    0.000  0.000
55.  16.6848  2.5371  2.4087  2.6825  0.000  3.6376  2.2123  2.2624  2.1732    0.000  0.000
56.  5.4894  1.4916  1.3598  1.4241  0.000  1.9262  1.4573  1.3471  3.3833    0.000  0.000
57.  8.0883  2.5713  2.2396  2.5826  0.000  3.5803  2.0424  1.8612  2.9586    0.000  0.000
58.  6.7912  1.6885  1.6537  1.8676  0.000  2.4619  1.5098  1.5634  1.716    0.000  0.000
59.  5.6561  2.3745  1.9393  2.23  0.000  2.6343  1.6023  1.7056  1.6296    0.000  0.000
60.  6.0887  1.5573  1.3558  1.4926  0.000  2.1023  1.4734  2.1465  2.5808    0.000  0.000
61.  7.627  2.2992  1.975  2.2036  0.000  3.1678  1.9033  1.8779  1.733    0.000  0.000
62.  10.0937  2.238  1.8654  2.2675  0.000  4.0904  2.0491  1.9269  1.7302    0.000  0.000
63.  8.46  2.382  2.1618  2.5592  0.000  2.6694  1.5404  1.7079  1.4882    0.000  0.000
64.  8.9955  2.0455  1.8042  2.4833  0.000  2.2526  1.2027  1.3787  1.3998    0.000  0.000
65.  13.6287  4.6749  3.1638  4.4878  0.000  10.2031  4.433  3.8279  3.3615    0.000  0.000
66.  8.4224  3.2702  2.2602  2.4695  0.000  4.3343  2.6078  2.614  3.1794    0.000  0.000
67.  10.7319  2.9036  2.4592  3.0098  0.000  4.4373  2.3466  2.3443  2.2278    0.000  0.000
68.  12.4075  3.6582  2.6813  3.1889  0.000  6.7768  3.4611  3.2861  3.3794    0.000  0.000
69.  10.5959  2.6444  2.1637  2.3814  0.000  4.106  2.2971  2.1124  1.9233    0.000  0.000
70.  4.9012  2.1507  1.8756  2.0805  0.000  3.0069  1.9207  1.8347  1.7211    0.000  0.000
71.  8.8717  3.998  3.7032  3.6172  0.000  8.0113  5.3933  4.342  4.0702    0.000  0.000
72.  9.4383  3.9016  2.4839  3.256  0.000  8.408  3.4971  3.3625  2.947    0.000  0.000
73.  6.2221  2.0795  1.5855  1.8453  0.000  3.2386  1.9087  1.8087  1.7692    0.000  0.000
74.  13.5842  3.2019  2.6836  2.9363  0.000  4.9049  3.4461  2.9673  2.826    0.000  0.000
75.  8.0817  2.749  2.5962  2.6635  0.000  3.0052  2.3668  3.2927  2.5623    0.000  0.000
76.  13.9603  3.3628  2.8024  3.5512  0.000  3.7648  1.9917  2.0914  1.9482    0.000  0.000
77.  9.5156  2.681  2.2613  2.4831  0.000  4.3418  2.4412  2.2541  2.1236    0.000  0.000
78.  11.6781  2.5454  2.1731  2.4473  0.000  3.2816  2.0218  1.8887  1.776    0.000  0.000
79.  8.9133  2.3147  2.071  2.1351  0.000  3.1971  2.0074  1.8594  1.7078    0.000  0.000
80.  7.2522  2.8091  2.3365  2.6272  0.000  4.0501  2.3126  2.1999  2.0173    0.000  0.000
81.  23.9372  6.2061  4.9141  8.5529  0.000  12.2228  3.7191  3.975  3.4256    0.000  0.000
82.  7.3841  2.3847  2.0095  2.1073  0.000  3.525  2.1356  1.9788  1.826    0.000  0.000
83.  5.8983  1.6774  1.4632  1.7062  0.000  2.2052  1.1841  1.3616  1.2224    0.000  0.000
84.  13.9264  3.5115  2.6382  3.1336  0.000  5.2124  3.1625  3.0473  3.0373    0.000  0.000
85.  11.3104  3.8287  2.923  3.2883  0.000  6.3826  3.7949  3.1045  3.8032    0.000  0.000
86.  9.3937  3.0436  2.475  2.8584  0.000  5.042  2.6382  2.4718  2.9962    0.000  0.000
87.  10.9393  2.6524  2.1511  2.9409  0.000  4.0491  1.8093  2.0492  1.7462    0.000  0.000
88.  8.7719  2.7916  2.5153  2.7539  0.000  4.0806  2.8143  3.0223  3.0431    0.000  0.000
89.  11.286  2.4439  2.1549  2.5425  0.000  3.7578  2.3053  2.0844  1.958    0.000  0.000
90.  8.2468  3.0225  2.2068  2.4788  0.000  5.1622  2.7432  2.4463  2.2241    0.000  0.000
91.  12.9637  2.8975  2.3375  2.8159  0.000  4.5235  2.3923  2.4852  2.2448    0.000  0.000
92.  8.9005  3.1668  2.2867  3.2228  0.000  4.8358  2.2031  2.0336  1.8167    0.000  0.000
93.  9.1911  2.08  1.9463  1.941  0.000  2.783  1.9229  1.6122  1.5042    0.000  0.000
94.  12.9548  4.5519  3.0869  5.0559  0.000  10.8643  3.8784  2.4509  2.3684    0.000  0.000
95.  8.4304  2.3899  2.0603  2.6465  0.000  3.2094  1.7094  1.9006  1.5947    0.000  0.000
96.  14.2005  3.4284  2.7122  4.3707  0.000  6.8779  2.4095  2.3579  2.2088    0.000  0.000
97.  22.6762  4.1581  3.0084  4.4241  0.000  6.8187  2.519  2.6509  2.3218    0.000  0.000
98.  7.3288  3.1725  2.1717  2.4312  0.000  5.664  3.087  2.6046  2.38    0.000  0.000
99.  13.4397  3.2269  2.6298  3.137  0.000  5.3508  3.0391  2.9466  3.0301    0.000  0.000
100.  12.704  3.7128  2.7442  3.0483  0.000  6.6608  3.5126  3.3091  2.8697    0.000  0.000
101.  10.919  3.2256  2.1344  2.7257  0.000  6.7186  3.1265  2.6353  2.3191    0.000  0.000
102.  7.4045  3.0206  2.5186  2.6201  0.000  5.0553  3.5042  2.8978  2.6823    0.000  0.000
103.  18.2039  4.2496  3.2562  4.8102  0.000  8.2131  3.4934  3.7918  2.9136    0.000  0.000
104.  11.0139  3.6673  3.3404  4.4324  0.000  5.1948  2.3716  2.531  2.2237    0.000  0.000
105.  5.7829  2.3383  1.9316  2.5056  0.000  2.9019  1.8016  1.8154  1.9399    0.000  0.000
106.  14.8488  3.2456  2.4634  2.796  0.000  9.14  4.8794  3.5141  3.2611    0.000  0.000
107.  9.3732  2.291  2.0175  2.8181  0.000  3.3441  1.3281  1.7221  1.5867    0.000  0.000
108.  7.0079  2.5213  2.0009  2.3298  0.000  4.6386  2.2981  2.2129  1.9498    0.000  0.000
109.  6.0766  1.5064  1.5794  1.5774  0.000  1.8988  1.4914  1.4156  1.3486    0.000  0.000
110.  9.2561  2.1713  1.9321  2.1316  0.000  3.3424  1.9858  1.897  1.8322    0.000  0.000
111.  7.0187  2.3803  2.2347  2.3631  0.000  3.6661  2.5278  2.3571  2.2294    0.000  0.000
112.  8.8994  3.2914  2.6  2.7354  0.000  6.9086  3.9939  3.0304  3.4488    0.000  0.000
113.  10.1713  3.4476  2.4451  3.0222  0.000  4.854  2.9087  3.5717  2.5623    0.000  0.000
114.  7.0743  3.0944  2.2345  2.5079  0.000  5.5849  3.0645  2.5262  2.3567    0.000  0.000
115.  11.5373  4.6143  3.3909  5.2137  0.000  7.6163  3.2614  3.5549  3.9944    0.000  0.000
116.  5.5077  2.3693  1.8988  2.1015  0.000  3.0613  1.8344  2.3289  1.9298    0.000  0.000
117.  8.2091  2.5939  2.2477  3.6464  0.000  3.8945  1.4114  2.4571  1.676    0.000  0.000
118.  7.12  2.5815  2.1702  3.0004  0.000  3.4925  1.6228  1.8923  2.4144    0.000  0.000
119.  7.8935  2.287  2.1154  2.3113  0.000  3.5405  2.0576  2.2724  2.0758    0.000  0.000
120.  6.4939  2.8363  2.0373  2.5624  0.000  5.2471  2.6651  2.3855  2.2822    0.000  0.000
121.  6.163  1.7592  1.4037  2.0735  0.000  2.3567  1.379  4.5598  2.0061    0.000  0.000
122.  8.1624  3.1934  2.2708  2.9298  0.000  5.5639  2.672  2.8928  2.6373    0.000  0.000
123.  10.0098  2.4886  2.255  2.4697  0.000  3.7054  2.0998  2.0021  1.9519    0.000  0.000
124.  8.3871  2.497  1.8531  2.0454  0.000  5.5139  2.8522  3.1916  2.5961    0.000  0.000
125.  7.7685  2.5055  2.5545  2.9372  0.000  3.2469  2.182  2.2293  2.1488    0.000  0.000
126.  9.5358  2.8109  2.1227  2.4424  0.000  4.3419  2.611  2.0786  1.8757    0.000  0.000
127.  8.267  2.2809  1.9342  2.1771  0.000  2.883  1.9759  1.7956  1.7394    0.000  0.000
128.  7.8969  2.8344  1.9697  2.1912  0.000  5.5342  2.9493  2.4708  2.1797    0.000  0.000
129.  10.4456  2.6425  2.1373  2.8421  0.000  4.4294  2.1946  2.1748  1.9518    0.000  0.000
130.  13.3703  2.1205  1.8893  2.1937  0.000  3.4543  1.7886  1.6643  1.5992    0.000  0.000
131.  10.3501  3.1487  2.4743  3.4968  0.000  4.5859  2.0245  2.2016  1.9595    0.000  0.000
132.  7.5437  2.3122  1.8933  2.3661  0.000  3.5067  2.042  2.5104  2.248    0.000  0.000
133.  7.2478  1.3354  1.2135  1.408  0.000  1.5409  1.0233  1.1448  0.9922    0.000  0.000
134.  16.8943  5.1268  4.86  9.6102  0.000  10.349  2.3972  2.8777  2.4446    0.000  0.000
135.  7.9282  2.3652  2.114  2.9564  0.000  2.4352  1.7457  1.4519  1.3582    0.000  0.000
136.  7.6155  2.1292  1.903  2.3617  0.000  3.1191  1.7488  1.8454  1.6213    0.000  0.000
137.  6.4637  1.7329  1.4428  1.6282  0.000  2.0193  1.4325  1.4623  1.2547    0.000  0.000
138.  6.1074  2.4014  1.8778  2.3806  0.000  3.9164  2.2752  2.7146  2.7211    0.000  0.000
139.  7.9127  2.4695  1.948  2.268  0.000  3.781  2.3003  2.1962  1.8496    0.000  0.000
140.  7.9483  2.2382  2.0034  2.7148  0.000  4.2436  2.2836  2.2621  6.6753    0.000  0.000
141.  7.8472  2.0901  1.7836  2.332  0.000  3.2459  1.4036  1.5297  1.3047    0.000  0.000
142.  10.965  2.82  2.4647  3.8943  0.000  4.4997  1.6344  2.1867  11.9939    0.000  0.000
143.  15.0765  3.7214  3.0951  3.3494  0.000  6.5999  4.0886  3.3881  3.2368    0.000  0.000
144.  12.9044  3.2183  2.4385  2.6686  0.000  5.2736  3.0743  2.7288  2.4501    0.000  0.000
145.  8.3608  3.4201  2.2567  3.1572  0.000  7.615  2.7716  2.5782  2.1444    0.000  0.000
146.  12.6623  4.1135  3.1437  4.3124  0.000  7.8227  3.262  3.343  2.9779    0.000  0.000
147.  11.3595  2.4865  2.1981  3.2504  0.000  4.6621  1.9961  2.1792  1.9033    0.000  0.000
148.  8.807  3.0231  2.4211  3.1127  0.000  5.7741  2.7025  2.6709  2.3432    0.000  0.000
149.  14.0365  3.8933  2.9435  4.0569  0.000  6.7239  2.9584  2.9189  3.2485    0.000  0.000
150.  5.7047  1.7761  1.6196  1.8227  0.000  1.8532  1.3534  1.5541  1.8924    0.000  0.000
151.  16.7614  3.804  3.4815  4.87  0.000  4.7103  2.7128  2.355  2.115    0.000  0.000
152.  10.1503  2.197  1.8817  2.6098  0.000  3.7452  1.2578  1.5566  1.4372    0.000  0.000
153.  10.8336  2.9165  2.2335  2.4571  0.000  5.7212  3.3056  2.9449  3.4415    0.000  0.000
154.  6.1743  1.8606  1.5879  2.436  0.000  2.527  1.1535  1.2715  1.1363    0.000  0.000
155.  11.4725  3.309  2.1828  2.3439  0.000  6.8824  3.7619  2.4871  2.3344    0.000  0.000
156.  5.3412  1.6766  1.3033  1.5596  0.000  3.0231  1.3746  1.259  1.429    0.000  0.000
157.  9.3324  2.4294  1.8566  2.1671  0.000  3.3702  1.8946  1.6699  1.5361    0.000  0.000
158.  8.3361  2.7971  2.2007  2.5141  0.000  4.9325  2.7528  3.2474  2.5287    0.000  0.000
159.  16.238  2.9695  2.3771  3.4606  0.000  4.9159  2.6076  2.5161  2.3134    0.000  0.000
160.  16.515  3.3854  2.7759  3.2604  0.000  5.3932  3.3751  3.0159  2.8768    0.000  0.000
161.  11.5626  2.2589  1.9378  2.0698  0.000  3.2925  2.1003  2.0375  2.1985    0.000  0.000
162.  7.9926  2.2423  1.9649  2.5323  0.000  3.3221  1.6293  1.9013  1.6228    0.000  0.000
163.  8.0708  2.5952  2.0862  2.403  0.000  3.8801  2.2897  2.4711  2.4245    0.000  0.000
164.  8.8051  2.9487  2.2576  2.6092  0.000  4.9616  2.8828  3.5167  2.571    0.000  0.000
165.  15.476  3.2303  2.7854  3.8862  0.000  4.2578  1.8386  2.5373  2.0131    0.000  0.000
166.  11.5646  3.2254  2.5371  3.2534  0.000  5.5201  2.5973  2.6271  2.2241    0.000  0.000
167.  14.2507  3.7366  2.5312  2.8641  0.000  6.9247  3.9251  2.9236  3.4617    0.000  0.000
168.  4.0062  1.8435  1.6939  1.93  0.000  2.8181  1.7731  1.592  1.5139    0.000  0.000
169.  8.2116  2.0101  1.8314  1.79  0.000  2.8969  1.9774  1.7023  1.5477    0.000  0.000
170.  8.5145  2.772  2.3543  2.839  0.000  3.2962  1.8224  2.3923  1.9058    0.000  0.000
171.  32.8237  4.1368  2.9972  3.6935  0.000  9.1699  4.4439  4.2073  3.8826    0.000  0.000
172.  7.8238  2.3258  2.0956  2.7379  0.000  3.4226  2.0376  1.9225  1.7893    0.000  0.000
173.  10.9385  2.8462  2.3869  2.5155  0.000  4.2881  2.7919  2.4792  2.3144    0.000  0.000
174.  12.0881  2.9106  2.2698  2.8646  0.000  4.7117  2.3364  2.2006  1.9788    0.000  0.000
175.  5.1631  1.7004  1.618  1.6068  0.000  3.1454  2.0623  1.6716  1.5836    0.000  0.000
176.  6.1065  2.5904  2.1011  2.2586  0.000  4.4538  2.71  2.4452  2.198    0.000  0.000
177.  12.5285  3.5089  3.2872  6.4756  0.000  6.8322  2.1585  2.1381  1.8612    0.000  0.000
178.  7.375  2.4004  1.9245  2.2441  0.000  3.5375  1.8811  1.9327  1.7027    0.000  0.000
179.  15.1415  2.8525  2.1891  2.5592  0.000  4.6512  2.6727  2.6962  2.3892    0.000  0.000
180.  6.5559  2.7459  1.9909  2.4115  0.000  5.0507  2.702  2.3075  2.1717    0.000  0.000
181.  8.8152  3.4358  3.2391  3.5335  0.000  4.7233  3.5967  3.253  3.1084    0.000  0.000
182.  9.8752  4.4851  2.982  3.8066  0.000  9.4447  5.0914  3.586  3.285    0.000  0.000
183.  8.3415  2.6401  2.1382  2.6682  0.000  3.1599  2.0429  2.0047  1.8098    0.000  0.000
184.  8.3145  2.9683  2.2707  2.3748  0.000  5.3232  3.0678  2.6658  2.4537    0.000  0.000
185.  6.5129  1.9112  1.8287  2.3634  0.000  2.672  1.2228  1.3966  1.533    0.000  0.000
186.  9.0637  2.5437  2.2049  2.644  0.000  3.5033  1.8099  2.0431  1.8674    0.000  0.000
187.  8.7508  2.2676  2.1939  2.4687  0.000  2.6364  1.7961  1.9944  1.9087    0.000  0.000
188.  11.499  3.1632  2.3794  2.7559  0.000  5.1591  2.9186  2.7756  2.4147    0.000  0.000
189.  6.5109  2.3839  2.1339  2.3427  0.000  3.911  2.5203  2.2821  2.1399    0.000  0.000
190.  7.9612  2.0624  2.0209  2.3622  0.000  2.4142  1.4555  1.4617  1.3696    0.000  0.000
191.  4.0312  1.6074  1.5506  1.9032  0.000  2.0841  1.2357  1.5309  1.5285    0.000  0.000
192.  8.0148  2.8273  2.0069  2.534  0.000  5.0749  2.4232  2.2864  2.0567    0.000  0.000
193.  11.7078  3.976  3.1748  5.2292  0.000  7.2612  2.24  2.6863  2.2471    0.000  0.000
194.  15.5239  4.3806  3.4557  3.8948  0.000  8.6336  5.0174  4.1979  3.9052    0.000  0.000
195.  6.4817  2.2506  1.8806  2.2723  0.000  2.9471  1.7302  1.696  1.5577    0.000  0.000
196.  9.8588  3.3769  2.3511  2.5753  0.000  5.4568  2.8257  2.4468  2.1806    0.000  0.000
197.  7.2299  1.9631  1.654  2.0653  0.000  2.6105  1.6806  1.5083  1.3686    0.000  0.000
198.  11.9014  2.5264  2.4627  2.6774  0.000  2.6097  1.7688  1.9784  1.8478    0.000  0.000
199.  12.5816  2.3564  2.0789  2.2783  0.000  3.318  2.0265  1.9939  1.8818    0.000  0.000
200.  8.0237  2.3743  2.1337  2.3726  0.000  3.3083  2.1468  2.6792  2.2066    0.000  0.000
201.  4.3086  1.4081  1.2329  1.2546  0.000  2.1054  1.2707  1.09  1.03    0.000  0.000
202.  6.8793  2.3611  2.0513  2.3522  0.000  3.271  1.7867  1.7443  1.5371    0.000  0.000
203.  5.6686  2.362  1.7813  1.9669  0.000  4.1099  2.1999  2.5146  2.033    0.000  0.000
204.  6.6662  2.1699  1.8733  2.2044  0.000  2.8271  1.9131  1.8034  1.6405    0.000  0.000
205.  6.2518  2.1579  1.8345  2.1699  0.000  2.8232  1.5856  1.6581  1.489    0.000  0.000
206.  7.452  2.4657  2.191  3.3728  0.000  3.0526  1.585  1.4961  1.434    0.000  0.000
207.  5.065  1.7329  1.7249  1.7913  0.000  2.351  1.5654  1.605  1.4777    0.000  0.000
208.  50.1402  7.5601  5.7095  10.0131  0.000  20.6547  6.2105  5.8107  4.8793    0.000  0.000
209.  15.1595  3.9635  2.956  3.2091  0.000  8.5337  4.9389  3.7903  3.4797    0.000  0.000
210.  8.7111  2.9453  2.256  2.367  0.000  5.6564  3.4509  2.6118  2.4336    0.000  0.000
211.  7.3061  2.462  1.8456  2.3164  0.000  3.8032  1.9563  1.9163  1.6916    0.000  0.000
212.  7.6361  2.6213  2.2364  2.5215  0.000  4.2162  2.466  2.3744  2.2473    0.000  0.000
213.  6.296  2.3615  2.0567  2.2309  0.000  3.4532  2.3275  2.0699  1.8819    0.000  0.000
214.  14.6346  3.5823  3.2887  5.3696  0.000  6.652  2.4078  2.4219  2.132    0.000  0.000
215.  10.5153  6.9724  4.3032  7.2087  0.000  13.0934  6.4732  3.199  3.0439    0.000  0.000
216.  9.2919  2.5328  2.4303  2.416  0.000  2.5621  1.6709  1.7093  1.6282    0.000  0.000
217.  7.4763  2.804  2.0362  2.3434  0.000  5.1458  3.1727  2.5462  2.5237    0.000  0.000
218.  6.2606  2.819  2.2128  2.4168  0.000  4.8004  2.7137  2.4025  2.1122    0.000  0.000
219.  12.3493  2.9445  2.0574  2.288  0.000  5.9684  3.5668  2.7218  2.482    0.000  0.000
220.  15.5562  3.3816  2.5501  3.29  0.000  6.2593  3.1072  2.9501  3.1644    0.000  0.000
221.  13.6716  3.8783  3.0101  4.2409  0.000  6.3527  2.8312  3.0712  2.8064    0.000  0.000
222.  13.2226  3.0113  2.2667  2.5981  0.000  5.9014  3.3959  3.4937  2.6911    0.000  0.000
223.  7.5772  2.3562  1.9258  2.3994  0.000  3.2936  1.7489  1.7448  1.6565    0.000  0.000
224.  12.7655  3.0617  2.3798  2.8344  0.000  4.5553  2.3803  2.5873  2.3743    0.000  0.000
225.  17.388  6.088  4.1826  5.9791  0.000  12.2141  5.259  4.626  4.0365    0.000  0.000
226.  13.8004  2.8838  2.0323  2.1797  0.000  5.1216  2.9881  2.2066  2.7022    0.000  0.000
227.  9.6212  3.432  4.0042  8.594  0.000  6.4979  1.6424  1.7574  1.6471    0.000  0.000
228.  15.1757  2.495  2.2454  2.6133  0.000  3.1727  1.9458  1.9934  1.9125    0.000  0.000
229.  9.5418  2.8522  2.1222  2.616  0.000  4.5081  2.6391  2.4569  2.1112    0.000  0.000
230.  7.1027  2.1212  1.8845  2.1696  0.000  2.2815  1.5117  1.7496  1.8681    0.000  0.000
231.  7.4007  3.0278  2.1286  2.3534  0.000  5.8227  3.3705  2.7288  2.5239    0.000  0.000
232.  8.064  2.8027  2.4654  2.7418  0.000  3.4153  2.2464  2.3869  3.2592    0.000  0.000
233.  5.6361  1.3284  1.247  1.3595  0.000  1.6115  1.0241  1.0852  0.9665    0.000  0.000
234.  5.0956  1.5313  1.3896  1.6424  0.000  1.5628  1.0342  1.3336  1.2243    0.000  0.000
235.  12.3148  3.0402  2.2572  2.5498  0.000  5.3446  2.944  2.4351  2.2988    0.000  0.000
236.  8.8608  3.2774  2.3916  2.7079  0.000  5.5741  2.9393  2.7134  2.4069    0.000  0.000
237.  12.7774  2.8161  2.3421  2.554  0.000  3.1308  1.8586  1.7379  1.6364    0.000  0.000
238.  16.15  3.2391  2.5741  3.0206  0.000  6.0525  3.306  2.7142  2.5468    0.000  0.000
239.  9.5768  2.8209  2.1429  3.1607  0.000  3.9664  2.0856  2.3975  3.3694    0.000  0.000
240.  8.6438  2.9338  2.2757  2.5006  0.000  3.7294  2.4217  2.2301  2.0616    0.000  0.000
241.  10.1804  3.5024  2.6677  3.4401  0.000  5.4254  2.6912  3.206  4.875    0.000  0.000
242.  7.1606  2.6067  1.9567  2.1376  0.000  4.986  2.8002  2.2023  2.0145    0.000  0.000
243.  2.907  1.3374  1.1685  1.3067  0.000  1.8365  1.1608  1.1437  1.0199    0.000  0.000
244.  21.6803  4.4255  3.3199  3.4807  0.000  9.3913  5.3105  4.2008  3.9586    0.000  0.000
245.  7.1926  2.6419  2.1208  2.3261  0.000  5.2375  2.7159  2.8884  2.7373    0.000  0.000
246.  6.7294  2.2185  2.1592  2.2752  0.000  3.3676  2.8528  2.4568  2.3308    0.000  0.000
247.  6.7342  1.9071  1.6027  1.8615  0.000  2.5585  1.4871  1.4247  1.3529    0.000  0.000
248.  24.1332  5.1727  4.1474  5.8892  0.000  10.6462  5.299  5.6307  4.1079    0.000  0.000
249.  12.4054  3.8125  4.1206  7.679  0.000  6.818  1.9888  2.4461  3.0087    0.000  0.000
250.  11.1977  2.5091  2.685  4.2378  0.000  3.6674  1.4316  1.6258  1.5328    0.000  0.000
251.  11.7637  4.7275  2.7722  3.414  0.000  10.105  5.031  3.693  3.455    0.000  0.000
252.  10.4468  3.3129  2.4136  3.6321  0.000  6.1907  2.397  2.6543  2.7176    0.000  0.000
253.  10.492  2.9448  2.2249  2.6258  0.000  5.0707  2.4511  2.3358  2.0444    0.000  0.000
254.  8.5041  3.3873  2.4293  2.7828  0.000  6.026  3.2679  2.437  2.3153    0.000  0.000
255.  7.5862  2.1145  1.9202  2.0733  0.000  2.2894  1.5704  1.5474  1.5636    0.000  0.000
256.  5.2142  1.7054  1.5408  1.7204  0.000  2.5595  1.5528  1.623  2.3576    0.000  0.000
257.  12.4291  3.698  2.8713  3.432  0.000  7.2356  3.4112  3.1525  2.8093    0.000  0.000
258.  11.9891  3.1911  2.2855  2.6089  0.000  6.6573  3.0047  2.5483  2.3306    0.000  0.000
259.  9.634  2.2412  2.0977  2.2954  0.000  3.6726  2.2872  2.0712  1.9838    0.000  0.000
260.  5.1673  2.2887  1.9283  2.0237  0.000  3.6298  2.2889  2.4737  2.0342    0.000  0.000
261.  11.5311  2.8107  2.0652  2.1938  0.000  5.0505  2.842  2.5112  2.3909    0.000  0.000
262.  12.2194  2.857  2.798  4.3589  0.000  4.0359  1.475  1.8902  2.3744    0.000  0.000
263.  9.4454  2.4625  2.1206  2.4989  0.000  3.8219  2.5397  2.3485  2.6297    0.000  0.000
264.  16.6788  3.7945  2.8297  3.534  0.000  6.7412  3.2049  3.9496  3.1286    0.000  0.000
265.  10.6127  4.0321  3.0586  4.8552  0.000  6.7782  2.5673  3.1337  2.7319    0.000  0.000
266.  9.8574  2.7128  2.6745  7.0306  0.000  3.4757  1.487  2.3379  1.876    0.000  0.000
267.  10.6634  2.6525  2.3603  2.602  0.000  2.6625  1.848  1.8492  1.6998    0.000  0.000
268.  9.4215  3.4943  2.6692  3.5714  0.000  6.0158  2.8189  3.2645  2.5207    0.000  0.000
269.  11.2524  2.7727  2.4159  3.2284  0.000  4.2599  2.2207  2.1642  1.9961    0.000  0.000
270.  6.8421  1.6458  1.6265  1.6591  0.000  2.2379  1.6196  1.505  1.386    0.000  0.000
271.  23.2959  5.0937  4.1151  4.3776  0.000  12.3042  6.9901  5.4096  4.957    0.000  0.000
272.  8.2593  2.5326  2.2793  2.6804  0.000  3.8881  2.1798  2.1396  1.9344    0.000  0.000
273.  8.269  2.1933  2.0163  3.1702  0.000  2.9543  1.1469  1.2056  1.201    0.000  0.000
274.  10.4705  2.8157  2.2382  3.0761  0.000  4.1028  2.3351  2.2991  2.0961    0.000  0.000
275.  4.201  1.7688  1.5939  1.7146  0.000  2.669  1.7685  1.7129  1.5233    0.000  0.000
276.  9.7236  3.7463  2.3894  3.2852  0.000  7.9377  3.6944  2.9159  2.5958    0.000  0.000
277.  12.676  2.624  1.9946  2.3625  0.000  5.3715  3.0467  2.3959  2.1518    0.000  0.000
278.  14.952  3.4269  2.8789  3.0762  0.000  6.2852  4.0638  3.7912  3.257    0.000  0.000
279.  16.3594  3.896  3.0635  3.6722  0.000  7.7904  3.8974  4.1195  4.3247    0.000  0.000
280.  4.6358  1.6734  1.4569  1.749  0.000  2.1238  1.1954  1.7779  1.5682    0.000  0.000
281.  13.048  3.3108  2.6448  2.8625  0.000  5.3808  2.9973  2.5796  2.3604    0.000  0.000
282.  11.8444  4.1757  2.9649  3.4845  0.000  8.4038  3.78  3.3481  3.0825    0.000  0.000
283.  6.7586  2.3691  1.8129  2.1785  0.000  4.3993  2.2331  2.4201  2.0054    0.000  0.000
284.  8.3165  2.2462  1.8903  2.0673  0.000  3.2982  2.0994  1.815  1.7285    0.000  0.000
285.  8.8642  2.9371  2.3711  2.7321  0.000  4.6629  2.6512  2.4669  2.217    0.000  0.000
286.  7.1923  2.0008  1.6263  1.9291  0.000  4.3018  1.6159  1.5764  1.4744    0.000  0.000
287.  7.572  3.3253  2.4734  2.5481  0.000  5.8243  2.9397  2.8908  2.3935    0.000  0.000
288.  16.4515  2.8323  2.5828  3.6341  0.000  4.3908  2.0387  2.2453  1.9563    0.000  0.000
289.  13.0796  3.1677  2.6952  3.8026  0.000  5.1784  2.0836  2.2615  1.9707    0.000  0.000
290.  10.2089  3.0596  2.4752  4.4476  0.000  5.7899  1.7446  2.1588  1.953    0.000  0.000
291.  5.9918  2.4219  1.9633  2.7422  0.000  3.4153  1.4395  1.6743  1.4962    0.000  0.000
292.  11.2445  3.8295  4.0379  6.3853  0.000  6.8228  2.3392  2.6013  2.3081    0.000  0.000
293.  10.9287  3.1096  2.5746  2.7436  0.000  5.7823  3.2853  2.8389  2.5809    0.000  0.000
294.  5.4615  2.6507  1.8359  1.9727  0.000  3.3863  2.0746  3.3544  1.9022    0.000  0.000
295.  7.5371  2.4138  1.9493  2.2798  0.000  3.8788  2.1711  2.1057  1.9246    0.000  0.000
296.  6.1429  2.1904  1.9446  2.3096  0.000  2.7891  1.7674  2.167  2.0787    0.000  0.000
297.  8.253  2.0776  1.9726  2.6559  0.000  3.3975  1.9961  1.8979  1.7203    0.000  0.000
298.  7.4221  2.3079  2.0656  2.217  0.000  3.1802  2.2761  1.9699  1.8839    0.000  0.000
299.  8.8097  3.5862  2.2246  2.5569  0.000  7.6693  3.7515  2.9742  2.6758    0.000  0.000
300.  15.1974  4.4227  3.8825  6.4011  0.000  8.3198  2.4606  2.7137  2.354    0.000  0.000
301.  7.7416  2.7554  2.1389  2.6101  0.000  4.1232  2.2492  2.1181  1.9975    0.000  0.000
302.  12.2787  3.9587  2.6985  2.9819  0.000  7.463  4.2959  3.2948  3.3757    0.000  0.000
303.  6.1922  1.9569  1.6166  1.6845  0.000  3.0114  1.7844  1.6026  1.4821    0.000  0.000
304.  10.8702  2.676  2.2378  2.2871  0.000  5.0091  2.9127  2.3686  2.4317    0.000  0.000
305.  13.0869  3.3406  2.5217  2.9649  0.000  5.5958  2.9493  2.3913  2.2148    0.000  0.000
306.  8.4068  2.7051  2.435  2.778  0.000  3.6481  2.2817  2.1246  1.9765    0.000  0.000
307.  33.098  4.6783  3.7048  3.9803  0.000  8.3442  5.5138  3.9983  3.7838    0.000  0.000
308.  21.028  3.3845  3.4272  5.8691  0.000  5.1285  2.0406  2.4214  3.8977    0.000  0.000
309.  12.8069  4.3854  3.3747  5.0484  0.000  7.5038  3.16  3.125  2.7709    0.000  0.000
310.  12.0542  2.9692  2.6389  2.897  0.000  4.2476  2.5356  2.3716  2.1323    0.000  0.000
311.  9.5757  2.8719  2.4401  3.2998  0.000  4.4549  2.1105  2.2966  2.0575    0.000  0.000
312.  21.7619  4.4816  3.235  3.773  0.000  8.8094  4.7754  3.9677  3.5772    0.000  0.000
313.  11.5237  2.9769  2.774  4.1322  0.000  4.1576  1.7072  2.6609  2.0486    0.000  0.000
314.  6.9151  1.7883  1.6632  1.9221  0.000  2.2295  1.292  1.3786  1.3592    0.000  0.000
315.  8.1158  2.2899  2.0531  2.3396  0.000  3.0556  2.0693  2.0354  2.0538    0.000  0.000
316.  18.3261  5.5399  5.4397  12.3548  0.000  13.6001  2.5039  3.109  2.639    0.000  0.000
317.  12.545  3.4075  2.6065  2.8245  0.000  4.7621  2.9078  2.4578  2.2987    0.000  0.000
318.  6.5094  1.8294  1.6406  2.022  0.000  1.9807  1.2581  1.3304  1.2791    0.000  0.000
319.  6.5913  2.6934  2.1272  2.6518  0.000  4.0342  2.1572  2.6135  2.3364    0.000  0.000
320.  9.2131  3.6938  2.9181  4.79  0.000  6.6834  2.3738  2.5519  2.363    0.000  0.000
321.  12.8065  2.635  2.6675  4.1897  0.000  3.8214  1.2583  1.5985  1.5531    0.000  0.000
322.  10.5166  2.9259  2.128  2.7539  0.000  4.6291  2.4314  2.6779  4.4696    0.000  0.000
323.  11.7973  3.6847  2.8232  4.0574  0.000  5.8813  3.0593  2.9249  2.477    0.000  0.000
324.  10.3271  2.5927  2.0505  2.4033  0.000  4.4863  2.7991  2.2541  2.0191    0.000  0.000
325.  7.7029  2.3186  2.0931  2.5702  0.000  3.0624  1.7304  1.9143  2.0231    0.000  0.000
326.  25.2097  4.1569  3.6701  5.3542  0.000  6.5246  2.4  3.0784  3.0555    0.000  0.000
327.  12.1854  3.2399  2.2158  2.8164  0.000  5.6837  2.2954  2.2679  1.9574    0.000  0.000
328.  6.0723  2.5594  1.9381  2.4705  0.000  3.6033  1.8121  2.4848  1.8175    0.000  0.000
329.  4.7357  1.9543  1.6611  1.7602  0.000  2.6942  1.7651  1.5898  1.5039    0.000  0.000
330.  15.5219  3.7618  3.3059  4.6553  0.000  5.645  3.2161  3.2208  3.0166    0.000  0.000
331.  7.2415  2.3221  2.0258  3.2931  0.000  4.2979  1.6262  1.9165  1.6478    0.000  0.000
332.  8.6433  2.4498  2.4679  2.5386  0.000  4.0086  2.7603  2.5801  2.3325    0.000  0.000
333.  8.725  2.3362  2.1473  2.619  0.000  3.0047  1.5397  1.7334  1.5913    0.000  0.000
334.  13.6429  3.8822  3.273  4.7396  0.000  6.3313  2.4736  2.5144  2.2701    0.000  0.000
335.  5.8582  1.8832  1.7602  2.4804  0.000  2.4074  1.1168  1.3645  1.1973    0.000  0.000
336.  4.1423  1.3236  1.1171  1.1655  0.000  1.7826  1.1509  1.0657  1.0473    0.000  0.000
337.  7.5534  3.713  2.6366  2.8184  0.000  8.1759  3.9731  3.2762  2.7927    0.000  0.000
338.  4.9192  1.6131  1.5027  1.6011  0.000  3.0426  1.417  1.4474  1.4075    0.000  0.000
339.  10.9501  2.9837  2.1394  2.4371  0.000  5.3879  2.9475  2.6191  2.253    0.000  0.000
340.  20.4515  3.4218  2.6109  3.113  0.000  6.0677  3.4578  5.1678  3.1544    0.000  0.000
341.  33.973  5.5416  4.0661  4.7646  0.000  10.7929  6.8749  5.1427  4.7231    0.000  0.000
342.  7.8962  2.3615  1.9495  2.1685  0.000  3.472  1.9154  1.9514  1.7788    0.000  0.000
343.  9.8532  2.5543  2.0919  2.3467  0.000  3.1798  1.8993  2.1885  2.6959    0.000  0.000
344.  3.5013  1.4765  1.2897  1.3514  0.000  2.196  1.5927  1.4055  1.9917    0.000  0.000
345.  16.5829  5.0029  4.0555  4.1863  0.000  10.1286  5.7208  4.4828  4.1746    0.000  0.000
346.  5.4478  1.9892  1.6988  1.9955  0.000  2.3894  1.4585  1.6604  1.4488    0.000  0.000
347.  12.3117  2.3972  2.1574  2.4651  0.000  3.3792  2.2561  2.0783  1.9017    0.000  0.000
348.  8.1881  2.8785  2.1878  3.1096  0.000  4.9142  2.0771  2.8252  2.2663    0.000  0.000
349.  7.1756  2.4795  2.3182  2.4527  0.000  3.1225  1.8894  2.2568  1.9414    0.000  0.000
350.  22.5386  3.0059  2.6973  3.3712  0.000  3.6295  1.924  2.0709  1.9734    0.000  0.000
351.  9.423  3.3098  2.336  3.8035  0.000  6.3132  2.0634  1.9646  1.8866    0.000  0.000
352.  5.5787  2.3264  1.9894  2.0714  0.000  3.3397  2.3579  2.0172  1.9348    0.000  0.000
353.  8.7841  3.2698  2.4151  2.9353  0.000  6.2074  3.1234  2.8118  2.5529    0.000  0.000
354.  6.9428  2.1301  1.8749  2.1811  0.000  3.2969  1.9617  1.9125  1.8847    0.000  0.000
355.  16.6269  3.9885  2.9389  3.6625  0.000  7.3366  3.778  3.7914  3.1877    0.000  0.000
356.  9.9692  2.7158  2.1802  2.2639  0.000  4.1968  2.2484  2.0707  1.8403    0.000  0.000
357.  11.333  3.3968  2.8692  3.625  0.000  4.4215  2.5465  2.8296  5.2695    0.000  0.000
358.  15.3935  3.4  2.6842  3.1116  0.000  5.775  2.8498  4.0505  2.6758    0.000  0.000
359.  10.0508  2.7546  2.3209  2.8854  0.000  3.9648  2.3305  2.101  1.961    0.000  0.000
360.  13.7846  2.6625  2.5476  3.4081  0.000  3.3468  2.2382  2.1345  1.8839    0.000  0.000
361.  10.1531  2.5934  2.4229  3.0336  0.000  3.3906  1.817  2.0183  1.8009    0.000  0.000
362.  12.6659  4.1384  2.9591  3.9647  0.000  7.1256  3.154  2.9083  3.5179    0.000  0.000
363.  6.946  2.6131  1.9206  2.3509  0.000  4.7251  2.542  2.2223  2.0625    0.000  0.000
364.  10.589  2.3695  2.0957  2.2265  0.000  2.8461  1.7416  1.9522  1.8207    0.000  0.000
365.  35.9802  7.4138  5.6111  9.9597  0.000  21.1168  5.769  4.2749  3.5377    0.000  0.000
366.  18.0912  3.0142  2.8868  3.0289  0.000  4.3254  3.4353  3.2001  3.4034    0.000  0.000
367.  6.3536  2.6014  2.4219  2.419  0.000  3.2604  2.3825  2.0749  1.9045    0.000  0.000
368.  7.3868  2.3077  1.9721  2.4921  0.000  2.9639  1.3581  1.6809  1.5905    0.000  0.000
369.  8.9865  3.3161  2.4656  2.7959  0.000  6.5497  3.5175  2.9767  2.708    0.000  0.000
370.  9.3217  3.1081  2.5052  2.6578  0.000  4.81  2.7929  2.7061  2.6892    0.000  0.000
371.  22.3535  3.8445  3.2379  4.4697  0.000  5.5879  2.6722  2.6832  2.3654    0.000  0.000
372.  5.4558  1.7766  1.6131  1.6884  0.000  2.5634  1.6899  1.6258  1.4997    0.000  0.000
373.  4.7786  2.0603  1.8299  1.9216  0.000  2.7072  1.7322  1.9331  2.9746    0.000  0.000
374.  5.5707  2.1456  1.6939  1.7999  0.000  3.3842  2.0701  2.129  1.8104    0.000  0.000
375.  8.3849  2.0478  1.8619  2.2919  0.000  2.7674  1.5799  1.5507  1.4142    0.000  0.000
376.  10.0811  3.5703  3.5851  6.3098  0.000  7.1552  1.8728  2.1118  1.8229    0.000  0.000
377.  8.1967  2.9629  2.0908  2.7176  0.000  6.1485  2.7203  2.5909  2.3327    0.000  0.000
378.  4.9481  1.3493  1.2254  1.3205  0.000  1.7636  1.2249  1.1113  1.0484    0.000  0.000
379.  8.6079  2.4969  1.9935  2.3925  0.000  3.6476  2.0972  2.0593  1.8415    0.000  0.000
380.  26.4776  6.5398  4.0487  4.8754  0.000  14.4868  6.6798  5.0646  4.5065    0.000  0.000
381.  14.1436  3.6031  2.5967  2.9895  0.000  7.1544  3.4981  3.2572  2.9887    0.000  0.000
382.  7.9006  3.1808  2.5389  3.8458  0.000  6.1744  2.554  2.6032  2.3753    0.000  0.000
383.  12.3758  2.9498  2.5105  2.7726  0.000  5.2059  3.7567  3.1544  2.9755    0.000  0.000
384.  10.3096  2.4377  2.0549  2.3038  0.000  3.5865  2.1557  2.126  2.0176    0.000  0.000
385.  38.7213  7.7938  5.6464  9.5807  0.000  16.0665  6.237  4.4306  4.4117    0.000  0.000
386.  8.9783  2.8486  2.6066  4.1903  0.000  4.2932  1.5067  2.0257  2.1484    0.000  0.000
387.  13.5576  3.2667  3.0544  5.1055  0.000  5.77  1.691  2.1309  1.9485    0.000  0.000
388.  6.1238  2.2238  1.7017  1.8828  0.000  3.4085  2.1005  1.8432  1.7196    0.000  0.000
389.  6.7124  1.7943  1.7068  2.3642  0.000  2.4622  0.9516  1.1024  0.9813    0.000  0.000
390.  24.1689  5.3438  4.3535  6.8784  0.000  11.0656  4.078  5.5509  3.3276    0.000  0.000
391.  12.3366  2.8983  2.4314  3.0523  0.000  5.0629  2.1528  2.2086  2.0083    0.000  0.000
392.  7.4066  1.7482  1.5989  1.7834  0.000  2.4097  1.4443  1.3731  1.3437    0.000  0.000
393.  5.7094  2.2757  2.1111  2.1951  0.000  2.9167  1.98  2.1522  2.8644    0.000  0.000
394.  6.6811  2.3611  1.9986  2.2262  0.000  3.2995  2.1871  2.4984  2.2555    0.000  0.000
395.  8.2014  1.8261  1.5413  1.7671  0.000  2.5453  1.4313  1.4436  1.2796    0.000  0.000
396.  10.3487  3.0999  2.4752  2.7916  0.000  5.0301  2.801  2.5623  3.4669    0.000  0.000
397.  10.5726  3.0165  2.2953  2.6096  0.000  5.6236  2.9589  2.6002  2.3972    0.000  0.000
398.  16.1132  3.2797  2.6346  2.8684  0.000  5.6447  3.769  3.1281  3.1861    0.000  0.000
399.  6.6689  1.9093  1.6073  2.0277  0.000  2.0209  1.4972  1.4688  1.4555    0.000  0.000
400.  5.3595  2.5604  1.7055  1.9268  0.000  5.8416  2.6316  2.0517  1.9302    0.000  0.000
401.  5.7632  2.0131  1.8164  1.8476  0.000  2.7957  2.0961  1.933  1.8651    0.000  0.000
402.  12.4904  4.5281  3.1733  3.7615  0.000  8.0298  4.0158  3.5023  3.1983    0.000  0.000
403.  8.7528  2.9951  2.5254  3.6025  0.000  5.2893  2.3192  2.2999  2.0605    0.000  0.000
404.  17.2898  4.2888  3.2087  3.849  0.000  10.1199  5.3368  4.2151  3.7719    0.000  0.000
405.  14.0464  3.8387  2.7388  3.3915  0.000  6.1472  2.8839  2.7023  2.4242    0.000  0.000
406.  12.4497  3.653  2.8561  4.3653  0.000  6.3724  2.9907  2.6673  2.2388    0.000  0.000
407.  6.3206  2.2469  1.9914  2.0766  0.000  3.4751  2.1938  1.9998  1.8453    0.000  0.000
408.  12.8749  2.147  1.9406  2.1969  0.000  2.6939  1.62  1.5801  1.6888    0.000  0.000
409.  30.3331  6.888  5.075  8.1317  0.000  15.1703  5.9189  4.3628  4.0755    0.000  0.000
410.  8.0752  1.8722  1.68  2.0361  0.000  2.5061  1.5138  1.4989  1.3374    0.000  0.000
411.  12.7612  4.2396  2.7337  3.1835  0.000  8.4434  3.9095  3.3011  2.8948    0.000  0.000
412.  6.2513  2.4886  1.8809  2.0513  0.000  3.8677  2.6164  2.1148  2.2429    0.000  0.000
413.  16.3436  3.6229  2.8049  3.6998  0.000  7.8295  3.1427  3.1113  2.6826    0.000  0.000
414.  4.742  1.685  1.6999  1.7832  0.000  2.1829  1.4599  1.5528  1.4719    0.000  0.000
415.  11.5999  2.8968  2.1866  2.5153  0.000  5.6559  3.4599  3.0159  2.6419    0.000  0.000
416.  6.1323  2.267  2.2874  2.5065  0.000  2.9912  1.933  1.953  1.8801    0.000  0.000
417.  6.2994  1.4403  1.2422  1.406  0.000  2.2999  1.3692  1.3414  1.2426    0.000  0.000
418.  6.9757  1.5945  1.3127  1.4747  0.000  2.365  1.3476  1.3529  1.2068    0.000  0.000
419.  9.659  2.4403  2.1983  2.3913  0.000  3.032  1.8673  1.8127  2.0153    0.000  0.000
420.  7.9926  2.4757  2.2698  2.386  0.000  4.1258  2.5249  2.6282  2.6537    0.000  0.000
421.  6.4242  1.4427  1.4711  1.4793  0.000  1.7486  1.2223  2.7014  1.4684    0.000  0.000
422.  4.9501  2.3783  1.9884  1.9751  0.000  2.8163  1.9024  2.8459  1.6737    0.000  0.000
423.  18.3364  4.7464  4.6414  8.3046  0.000  7.5061  2.0282  2.671  2.3699    0.000  0.000
424.  17.8825  6.2407  3.4759  3.8859  0.000  18.7323  8.8053  5.5765  5.1734    0.000  0.000
425.  9.3011  2.461  2.2218  2.4738  0.000  2.2721  1.5299  1.618  1.6105    0.000  0.000
426.  8.5669  2.2725  2.1379  2.7514  0.000  3.2375  1.7368  1.6544  1.5274    0.000  0.000
427.  23.1467  4.1482  3.3285  3.5517  0.000  7.9382  4.6927  4.2097  4.034    0.000  0.000
428.  20.2492  3.7255  2.9418  3.3301  0.000  6.5651  3.3154  3.3314  3.0215    0.000  0.000
429.  24.7162  3.6402  2.776  3.1608  0.000  7.9771  4.0931  3.518  3.1334    0.000  0.000
430.  9.5093  3.7485  3.4375  4.2966  0.000  4.3746  3.3346  3.4079  3.7782    0.000  0.000
431.  12.6328  3.1544  2.6342  2.9304  0.000  5.5542  3.5138  2.6662  2.4544    0.000  0.000
432.  36.9189  4.9956  4.9406  8.9097  0.000  12.3219  3.5202  4.3463  4.8776    0.000  0.000
433.  10.1379  2.9543  2.0658  2.7215  0.000  4.4226  2.3379  2.2346  1.9828    0.000  0.000
434.  6.4329  1.9962  1.7664  1.8546  0.000  2.4142  1.594  1.8471  1.704    0.000  0.000
435.  10.7515  3.2545  2.547  3.2535  0.000  6.7551  3.388  2.6275  2.814    0.000  0.000
436.  9.1668  2.762  2.1013  2.8864  0.000  4.8888  2.644  2.5064  2.2015    0.000  0.000
437.  7.4383  2.5672  1.7326  2.1967  0.000  4.8281  2.3865  2.1093  1.9077    0.000  0.000
438.  6.6914  1.9493  1.6781  1.9957  0.000  2.8112  1.7204  1.8001  1.6441    0.000  0.000
439.  19.9726  2.4277  2.1854  2.4978  0.000  2.9222  1.6892  1.9071  3.3526    0.000  0.000
440.  10.336  2.3705  2.1884  2.4703  0.000  2.5755  1.6271  1.8968  1.8635    0.000  0.000
441.  23.4949  5.4302  3.7445  4.0835  0.000  12.6517  6.1711  4.6607  4.3592    0.000  0.000
442.  6.3204  2.0272  1.8745  2.4779  0.000  2.805  1.3696  1.4749  1.4356    0.000  0.000
443.  8.4745  3.4268  2.6267  3.0607  0.000  4.3073  2.5531  2.6524  2.405    0.000  0.000
444.  7.6736  2.4432  1.9891  2.2069  0.000  3.8041  2.3318  2.2213  2.2411    0.000  0.000
445.  5.5252  2.4687  2.1914  2.297  0.000  3.3253  2.4397  3.1023  2.5706    0.000  0.000
446.  10.8243  3.3274  2.717  3.7561  0.000  5.7715  3.0779  2.665  2.4353    0.000  0.000
447.  49.5651  6.7594  4.4578  5.1497  0.000  15.222  8.2551  5.9938  5.4105    0.000  0.000
448.  10.3405  2.8615  2.5483  2.7614  0.000  3.965  2.9221  2.6592  2.6525    0.000  0.000
449.  6.811  1.959  1.9116  2.1914  0.000  2.4975  1.8926  1.7353  1.5743    0.000  0.000
450.  8.4952  3.0912  2.489  2.5522  0.000  4.8139  2.8644  3.5709  2.763    0.000  0.000
451.  11.0767  2.6818  2.2355  3.0174  0.000  3.6136  2.0078  2.189  2.0047    0.000  0.000
452.  8.5407  2.6094  2.6447  4.4748  0.000  4.3012  1.4725  1.525  1.4492    0.000  0.000
453.  11.5616  2.2481  2.1079  2.206  0.000  3.029  2.028  1.9103  1.8329    0.000  0.000
454.  13.8509  2.7198  2.5102  2.9327  0.000  3.6463  2.0768  2.0732  2.0458    0.000  0.000
455.  6.5724  2.3653  2.1114  2.233  0.000  3.2204  2.1422  2.6765  2.1113    0.000  0.000
456.  7.2293  1.5539  1.491  1.5451  0.000  2.733  1.6268  1.4662  1.3958    0.000  0.000
457.  6.7172  1.9775  1.8695  2.6408  0.000  2.7494  1.2854  1.3677  1.2714    0.000  0.000
458.  12.3754  3.1263  2.9007  4.3946  0.000  4.9953  1.6864  2.1517  1.9599    0.000  0.000
459.  22.9001  6.0766  6.4594  14.1821  0.000  12.8405  2.747  3.7501  2.9016    0.000  0.000
460.  4.8863  2.0788  1.6003  1.7449  0.000  3.2796  2.0028  1.6367  1.5351    0.000  0.000
461.  8.4672  2.695  2.2714  2.3902  0.000  4.5793  2.431  2.5387  4.2431    0.000  0.000
462.  6.9294  2.7733  2.4741  2.5507  0.000  3.7878  2.5464  2.118  2.0022    0.000  0.000
463.  12.1039  3.595  2.65  2.9977  0.000  6.1119  3.4356  2.9158  2.6157    0.000  0.000
464.  12.5218  2.8443  2.6214  3.6309  0.000  3.5754  1.6289  1.8946  1.7748    0.000  0.000
465.  5.3899  1.836  1.6779  1.8657  0.000  2.7958  1.7077  1.6828  1.5587    0.000  0.000
466.  5.1719  1.5953  1.468  1.8287  0.000  2.2553  1.3671  1.4214  1.318    0.000  0.000
467.  8.9772  2.7065  2.5734  3.5066  0.000  4.2362  2.1435  2.2867  2.1102    0.000  0.000
468.  6.9732  2.0423  1.4712  1.7499  0.000  2.0195  1.1713  1.2539  1.2351    0.000  0.000
469.  7.1502  2.2244  2.0268  2.8709  0.000  3.6951  1.5022  1.6727  1.5307    0.000  0.000
470.  14.0166  2.3069  2.2224  3.3252  0.000  3.2014  1.3182  1.5368  1.469    0.000  0.000
471.  10.0576  2.2723  1.9646  2.8134  0.000  2.6381  1.3252  1.6286  1.4023    0.000  0.000
472.  15.1007  3.5226  3.1247  3.5161  0.000  5.739  3.4623  3.8907  4.5862    0.000  0.000
473.  14.1991  3.373  3.0908  4.8618  0.000  5.9448  2.1252  2.4508  2.1433    0.000  0.000
474.  11.5614  3.3158  2.8183  4.2917  0.000  5.1147  2.1876  2.3266  2.1789    0.000  0.000
475.  10.0117  2.7547  2.4156  2.9166  0.000  3.3032  1.9472  2.0228  1.8025    0.000  0.000
476.  6.6846  2.6002  2.1201  2.2724  0.000  4.3051  2.5219  2.2866  2.2927    0.000  0.000
477.  7.2519  2.9996  2.0916  2.4042  0.000  5.4298  2.7293  2.3031  2.111    0.000  0.000
478.  5.6074  1.5212  1.3884  1.7622  0.000  2.0528  1.2446  1.3236  1.1672    0.000  0.000
479.  14.5448  3.5167  3.1726  5.9217  0.000  6.7581  1.8195  2.0861  1.8306    0.000  0.000
480.  8.6051  2.1972  1.9927  2.0783  0.000  3.1469  2.1307  2.3474  2.1322    0.000  0.000
481.  11.0843  2.4216  1.9343  2.1214  0.000  4.3704  2.5083  2.1887  2.0575    0.000  0.000
482.  18.2009  5.8317  3.5513  5.2135  0.000  13.4731  5.291  4.9397  4.056    0.000  0.000
483.  12.311  2.8627  2.3743  3.2847  0.000  3.9302  2.0715  2.4335  3.5414    0.000  0.000
484.  12.6548  3.23  2.8657  4.2017  0.000  4.9874  2.4615  2.4508  2.218    0.000  0.000
485.  11.0028  3.163  2.4133  2.8291  0.000  6.2384  2.8025  2.818  2.5798    0.000  0.000
486.  31.5012  3.2722  2.7762  3.5401  0.000  6.8861  3.2371  4.1745  2.9826    0.000  0.000
487.  5.507  1.9675  1.6826  1.976  0.000  2.916  1.7477  1.6737  1.6204    0.000  0.000
488.  24.5003  5.2804  4.7053  6.0497  0.000  5.839  3.3249  3.4433  3.6191    0.000  0.000
489.  16.8035  4.3346  2.9789  3.6935  0.000  6.4586  3.7265  3.2713  2.7604    0.000  0.000
490.  5.4593  1.803  1.6222  1.8058  0.000  2.5115  1.4963  1.7303  1.7625    0.000  0.000
491.  9.4473  2.3733  2.0479  2.2739  0.000  2.7172  1.7437  1.7274  1.6437    0.000  0.000
492.  10.378  3.4202  2.5209  3.2297  0.000  5.9753  2.6229  2.3286  2.0171    0.000  0.000
493.  7.7078  2.3259  2.1385  2.2953  0.000  3.7734  2.6015  2.7181  3.3386    0.000  0.000
494.  10.0141  2.9505  2.451  3.443  0.000  4.3308  1.8907  2.3063  2.6592    0.000  0.000
495.  9.3635  2.7592  2.216  2.4035  0.000  4.5212  2.6495  2.5899  2.9878    0.000  0.000
496.  9.9036  2.2439  2.0424  2.1952  0.000  2.7558  1.8356  1.8692  1.7038    0.000  0.000
497.  6.059  2.056  1.7223  2.6043  0.000  3.2652  1.4443  1.3853  1.2961    0.000  0.000
498.  20.6174  4.2719  3.1295  3.601  0.000  11.4795  5.5111  4.5083  4.0579    0.000  0.000
499.  8.3563  2.0767  1.8088  1.9719  0.000  2.7978  1.9054  1.7642  1.6864    0.000  0.000
500.  7.492  3.6062  2.6976  3.0152  0.000  4.4591  2.9775  2.4575  2.2712    0.000  0.000
